3 0.667750 0.128000 0.015500 0.047556
2 0.670000 0.199333 0.014000 0.001334
2 0.670000 0.210889 0.014000 0.021777
3 0.675750 0.289778 0.015750 0.050222
2 0.922000 0.172444 0.027000 0.036444
2 0.993375 0.233778 0.013250 0.052000
2 0.941500 0.543111 0.023000 0.032000
2 0.929250 0.566667 0.013000 0.027111
2 0.789562 0.912000 0.020875 0.052889
2 0.802938 0.912000 0.005875 0.052889
3 0.640000 0.733333 0.011500 0.040000
3 0.578250 0.464889 0.025250 0.016444
3 0.379750 0.864444 0.030750 0.021333
3 0.503500 0.785667 0.024000 0.028667
3 0.503500 0.807222 0.024000 0.014444
3 0.485000 0.749778 0.013250 0.041778
2 0.514750 0.625778 0.016500 0.035556
2 0.460500 0.503556 0.016750 0.035111
2 0.433500 0.485333 0.021250 0.043556
2 0.010750 0.377222 0.019750 0.045556
2 0.010750 0.401000 0.019750 0.002000
