3 0.530500 0.397222 0.024750 0.005555
3 0.530500 0.404556 0.024750 0.009111
2 0.639250 0.383556 0.010250 0.017333
2 0.638000 0.477333 0.005000 0.024444
2 0.650750 0.472889 0.012500 0.013333
2 0.643250 0.398000 0.011750 0.004000
2 0.643250 0.409556 0.011750 0.019111
3 0.331750 0.440444 0.012000 0.031556
3 0.394250 0.588333 0.011500 0.023334
3 0.394250 0.606778 0.011500 0.013555
3 0.401500 0.588333 0.003000 0.023334
3 0.401500 0.606778 0.003000 0.013555
1 0.337750 0.696000 0.013500 0.025778
2 0.522500 0.457333 0.009000 0.017333
2 0.517500 0.466222 0.018750 0.029333
2 0.534500 0.500889 0.012000 0.023111
2 0.529250 0.543111 0.011000 0.018667
2 0.519750 0.635556 0.015000 0.028000
3 0.534000 0.596889 0.018000 0.006223
3 0.534000 0.618222 0.018000 0.036444
3 0.484500 0.572000 0.014000 0.037778
3 0.485750 0.457333 0.010250 0.047556
2 0.464250 0.446222 0.027500 0.047556
2 0.516250 0.342667 0.019250 0.040889
2 0.466000 0.172889 0.017000 0.038667
2 0.549000 0.166222 0.019250 0.032889
2 0.557750 0.133333 0.019500 0.028000
2 0.565000 0.152889 0.024250 0.036889
2 0.535500 0.168444 0.017000 0.042667
2 0.529000 0.262667 0.012000 0.019111
2 0.547750 0.253778 0.013250 0.017778
2 0.579500 0.221778 0.008250 0.018667
2 0.611250 0.241333 0.021500 0.029333
3 0.620250 0.065333 0.014500 0.047556
2 0.656750 0.151556 0.014750 0.023111
2 0.873500 0.108000 0.025750 0.037333
2 0.917250 0.183223 0.015500 0.033555
2 0.917250 0.208334 0.015500 0.016667
2 0.877500 0.511111 0.013000 0.023556
2 0.863750 0.483556 0.022250 0.032444
2 0.749250 0.847111 0.026250 0.052444
1 0.390750 0.956444 0.009750 0.028000
3 0.390375 0.814222 0.019250 0.012444
3 0.402625 0.814222 0.005250 0.012444
1 0.374000 0.775556 0.016750 0.012000
3 0.414750 0.793556 0.020750 0.012889
3 0.414750 0.805556 0.020750 0.011111
2 0.451750 0.836444 0.013250 0.022667
3 0.468000 0.762222 0.019750 0.016444
3 0.499500 0.711556 0.010500 0.034222
2 0.508000 0.684889 0.019250 0.032444
2 0.521500 0.702222 0.022000 0.035556
2 0.578250 0.689778 0.011500 0.015111
2 0.535250 0.670222 0.032250 0.051111
2 0.532750 0.731111 0.028750 0.057778
3 0.452250 0.635111 0.008500 0.047556
