2 0.538750 0.481778 0.014000 0.023111
3 0.827000 0.138667 0.017500 0.021333
3 0.716000 0.082667 0.023750 0.026667
2 0.440750 0.137333 0.012250 0.026667
2 0.280750 0.556889 0.039500 0.048889
2 0.427750 0.735556 0.020000 0.030222
2 0.537500 0.599667 0.018500 0.000666
2 0.537500 0.619889 0.018500 0.039778
2 0.518000 0.651111 0.019500 0.029778
2 0.223500 0.008889 0.014250 0.016889
2 0.306750 0.040889 0.021500 0.034222
1 0.319500 0.034667 0.011500 0.024000
2 0.470500 0.026667 0.013000 0.029778
2 0.504750 0.037778 0.038000 0.074667
2 0.676250 0.523556 0.024250 0.038222
2 0.621500 0.453778 0.013750 0.023556
2 0.653000 0.550667 0.010500 0.025333
2 0.558250 0.460889 0.011500 0.033333
2 0.577000 0.093778 0.040750 0.051111
2 0.630000 0.104000 0.036250 0.074667
2 0.649250 0.122667 0.023250 0.032444
2 0.654750 0.066222 0.024000 0.021333
2 0.688250 0.106667 0.019000 0.038667
2 0.699750 0.087111 0.015250 0.032889
2 0.654750 0.466222 0.026250 0.027111
2 0.659000 0.379556 0.021500 0.035111
2 0.523500 0.323111 0.021000 0.040444
3 0.808500 0.071556 0.012250 0.053778
