2 0.385000 0.523111 0.008250 0.009778
2 0.237500 0.599222 0.016000 0.001556
2 0.237500 0.611000 0.016000 0.022000
2 0.260250 0.476889 0.039500 0.049333
3 0.661250 0.268000 0.015500 0.012889
2 0.340250 0.068444 0.014000 0.028444
2 0.217000 0.793889 0.012250 0.012223
2 0.217000 0.807444 0.012250 0.014888
2 0.379250 0.465778 0.005750 0.015111
3 0.463250 0.496889 0.007500 0.029333
2 0.356250 0.534667 0.026000 0.049778
2 0.366500 0.545778 0.012750 0.020889
2 0.372000 0.506667 0.014500 0.012444
2 0.563750 0.547556 0.007500 0.015556
3 0.456500 0.476000 0.016250 0.017333
