2 0.373750 0.679111 0.008750 0.010667
3 0.652250 0.418667 0.018500 0.012000
2 0.441250 0.425778 0.017000 0.034667
2 0.561750 0.472889 0.013750 0.025333
2 0.384000 0.524000 0.010250 0.019111
2 0.229750 0.599222 0.016000 0.001556
2 0.229750 0.611000 0.016000 0.022000
2 0.260500 0.472889 0.039500 0.049333
3 0.653500 0.269333 0.015500 0.012889
2 0.341500 0.064000 0.014000 0.028444
2 0.217000 0.793889 0.012250 0.012223
2 0.217000 0.807444 0.012250 0.014888
2 0.379250 0.461333 0.005750 0.015111
3 0.463250 0.496889 0.007500 0.029333
2 0.356250 0.534667 0.026000 0.049778
2 0.366500 0.545778 0.012750 0.020889
2 0.372000 0.506667 0.014500 0.012444
2 0.556750 0.547111 0.007500 0.015556
3 0.456500 0.472000 0.016250 0.017333
