2 0.995375 0.014222 0.009250 0.027556
2 0.785250 0.778222 0.017000 0.038667
3 0.843750 0.720889 0.011000 0.032889
1 0.852750 0.987778 0.014750 0.024444
3 0.910500 0.883111 0.015250 0.040000
3 0.969500 0.925333 0.011000 0.049333
2 0.996687 0.907556 0.006625 0.037333
3 0.997188 0.865333 0.005625 0.028444
2 0.979250 0.724000 0.029500 0.048444
2 0.930000 0.568444 0.010000 0.024000
2 0.940250 0.542667 0.022500 0.039556
2 0.992687 0.232889 0.014625 0.043556
2 0.769000 0.058667 0.013750 0.023556
2 0.830500 0.161778 0.011250 0.020000
2 0.794188 0.329778 0.011625 0.042667
2 0.804563 0.329778 0.009125 0.042667
2 0.796938 0.176444 0.006125 0.044444
2 0.806063 0.176444 0.012125 0.044444
2 0.669750 0.197666 0.010750 0.004667
2 0.669750 0.210778 0.010750 0.021555
2 0.717000 0.282667 0.011000 0.023111
2 0.727250 0.232000 0.021750 0.039111
3 0.656000 0.302667 0.011000 0.047556
2 0.676750 0.303111 0.019250 0.027111
2 0.661750 0.512889 0.019250 0.044444
3 0.578500 0.464889 0.014250 0.039556
2 0.512750 0.623556 0.011000 0.020000
