1 0.282250 0.122667 0.009250 0.023111
1 0.244750 0.122222 0.009000 0.024000
1 0.223250 0.280889 0.013500 0.017333
1 0.297000 0.247111 0.011000 0.023556
1 0.319250 0.175556 0.008250 0.023556
1 0.362500 0.034222 0.012500 0.023111
1 0.002250 0.348000 0.004250 0.025333
1 0.003250 0.462667 0.006000 0.023111
1 0.512000 0.503111 0.012000 0.022667
1 0.511500 0.423111 0.011750 0.023111
2 0.559000 0.461333 0.011750 0.033778
1 0.576750 0.454222 0.011250 0.022667
1 0.556500 0.294222 0.008000 0.023556
1 0.451750 0.356444 0.008750 0.024444
1 0.424500 0.512000 0.008250 0.024444
1 0.585750 0.552000 0.014750 0.028444
1 0.541500 0.594556 0.008750 0.010889
1 0.541500 0.606334 0.008750 0.012667
