3 0.404250 0.457778 0.007500 0.042667
3 0.440250 0.392778 0.018000 0.014444
3 0.440250 0.413889 0.018000 0.027778
3 0.476000 0.882667 0.021000 0.023111
3 0.551500 0.881778 0.019750 0.016889
3 0.585500 0.818667 0.008750 0.030667
3 0.627500 0.788667 0.012250 0.022667
3 0.627500 0.808222 0.012250 0.016444
3 0.553750 0.432444 0.014250 0.035556
3 0.586000 0.419556 0.024000 0.016444
3 0.620750 0.350667 0.015250 0.045333
3 0.657000 0.378667 0.017750 0.041333
3 0.621000 0.428444 0.007750 0.044000
3 0.614250 0.503556 0.026000 0.020444
3 0.764750 0.224000 0.025500 0.021333
3 0.700000 0.082667 0.014750 0.045778
3 0.337250 0.460889 0.014500 0.035111
3 0.360500 0.675556 0.017500 0.042667
3 0.338750 0.642222 0.020500 0.022667
3 0.257250 0.729333 0.014250 0.035111
3 0.259000 0.911111 0.020250 0.022667
3 0.324500 0.725333 0.007750 0.043111
3 0.334750 0.910222 0.020000 0.016444
3 0.378000 0.932444 0.021250 0.012889
3 0.368750 0.847556 0.009000 0.031556
3 0.414500 0.641778 0.020000 0.016889
3 0.448000 0.578667 0.009000 0.031556
3 0.457500 0.664444 0.021000 0.013333
3 0.474750 0.701333 0.014500 0.035111
3 0.506750 0.689333 0.024250 0.014222
3 0.541500 0.697778 0.007750 0.042667
3 0.555500 0.614222 0.020000 0.023556
3 0.558750 0.662667 0.021250 0.019111
3 0.578000 0.647111 0.017000 0.041778
3 0.599187 0.582667 0.001625 0.033778
3 0.608313 0.582667 0.016625 0.033778
3 0.631000 0.613778 0.019500 0.016889
3 0.683500 0.706667 0.012750 0.032444
3 0.725250 0.672000 0.017250 0.031111
3 0.686250 0.619556 0.015250 0.020444
3 0.665000 0.550667 0.009250 0.032000
3 0.777750 0.517778 0.011250 0.037778
3 0.709750 0.384000 0.020750 0.018222
3 0.728000 0.338667 0.019250 0.030222
3 0.758000 0.303556 0.018250 0.035111
3 0.836250 0.340000 0.016250 0.021778
3 0.834000 0.427556 0.013000 0.032444
