1 0.906500 0.255556 0.020000 0.020000
2 0.797187 0.278667 0.005625 0.021778
2 0.804312 0.278667 0.008625 0.021778
3 0.878750 0.555556 0.033250 0.028444
1 0.908750 0.464889 0.020500 0.014667
3 0.594313 0.458222 0.011375 0.048000
3 0.600688 0.458222 0.001375 0.048000
3 0.640250 0.391778 0.028000 0.016445
3 0.640250 0.401556 0.028000 0.003111
2 0.765250 0.323111 0.009000 0.022222
1 0.786500 0.540444 0.012000 0.031111
3 0.739500 0.480444 0.025000 0.015556
2 0.687750 0.382111 0.019250 0.035778
2 0.687750 0.405000 0.019250 0.010000
2 0.815250 0.560444 0.024500 0.046667
3 0.679500 0.595444 0.012750 0.009112
3 0.679500 0.614778 0.012750 0.029555
3 0.507750 0.648889 0.018750 0.042222
2 0.276250 0.308889 0.023500 0.033778
3 0.874000 0.271111 0.014500 0.048444
3 0.536500 0.032000 0.013750 0.057778
