3 0.338250 0.300889 0.016750 0.021333
2 0.393250 0.211556 0.011000 0.021333
2 0.389813 0.259111 0.020375 0.032444
2 0.401687 0.259111 0.003375 0.032444
2 0.447500 0.285333 0.007000 0.018222
2 0.442000 0.266667 0.013750 0.021778
2 0.208250 0.727556 0.013500 0.026222
2 0.198688 0.599889 0.002625 0.000222
2 0.198688 0.614778 0.002625 0.029556
2 0.204063 0.599889 0.008125 0.000222
2 0.204063 0.614778 0.008125 0.029556
2 0.183000 0.527556 0.011000 0.021333
2 0.230000 0.355111 0.016250 0.019556
2 0.239500 0.317333 0.021750 0.047556
2 0.250250 0.340889 0.012500 0.013778
2 0.259750 0.317778 0.014500 0.011556
1 0.307750 0.336889 0.009750 0.019556
2 0.287250 0.334667 0.015000 0.026667
2 0.285500 0.385333 0.010250 0.014222
2 0.278750 0.356889 0.011250 0.016889
2 0.295000 0.376889 0.011250 0.017778
3 0.322750 0.420889 0.009750 0.024444
2 0.347000 0.376000 0.021750 0.048001
2 0.347000 0.412444 0.021750 0.024888
2 0.171000 0.316889 0.013500 0.024444
2 0.220000 0.727111 0.023500 0.056889
