1 0.004500 0.218222 0.008750 0.026222
1 0.751250 0.575556 0.009500 0.028000
1 0.722000 0.380889 0.015500 0.014222
1 0.690750 0.296889 0.013000 0.023556
1 0.534500 0.192000 0.015250 0.012889
1 0.563500 0.386667 0.009500 0.028889
1 0.555250 0.510667 0.015500 0.013333
1 0.584500 0.705333 0.009250 0.028889
1 0.535000 0.927556 0.009250 0.029333
1 0.503250 0.778222 0.009250 0.028889
1 0.505750 0.732889 0.015500 0.013333
1 0.475000 0.648889 0.012750 0.023556
1 0.524250 0.426667 0.013250 0.024889
1 0.474000 0.584000 0.016000 0.013333
1 0.503000 0.534667 0.008750 0.028444
1 0.474000 0.339111 0.015250 0.013333
1 0.443250 0.256000 0.013250 0.023111
1 0.504000 0.108444 0.013250 0.025778
1 0.368500 0.322222 0.016000 0.013333
1 0.377750 0.384889 0.012750 0.024444
1 0.443000 0.500000 0.013000 0.025333
1 0.409000 0.468000 0.015500 0.012889
1 0.397500 0.516444 0.009000 0.028000
1 0.438500 0.663111 0.009750 0.027556
1 0.413250 0.840444 0.008750 0.028000
1 0.232000 0.822667 0.007000 0.028444
1 0.348000 0.739111 0.009000 0.027556
1 0.342000 0.772000 0.016500 0.017778
1 0.238500 0.734222 0.009000 0.028444
1 0.226250 0.651556 0.009000 0.028444
1 0.318500 0.544444 0.015250 0.012889
1 0.316000 0.590222 0.009750 0.028000
1 0.251250 0.474667 0.009500 0.029778
1 0.287500 0.460444 0.013000 0.024444
1 0.286500 0.395111 0.015750 0.012889
1 0.316000 0.345778 0.009250 0.029333
1 0.232500 0.342667 0.007750 0.028000
1 0.221750 0.279556 0.016000 0.012889
1 0.255750 0.311556 0.013250 0.024000
1 0.338250 0.270667 0.016000 0.014667
1 0.337500 0.238222 0.013500 0.025333
1 0.287000 0.151556 0.015500 0.012444
1 0.190750 0.196000 0.012500 0.024889
1 0.189250 0.406222 0.013500 0.024000
1 0.178250 0.456000 0.012500 0.024000
1 0.209000 0.539111 0.014500 0.012889
1 0.154500 0.584000 0.016250 0.017778
1 0.184750 0.877333 0.013750 0.021778
1 0.002250 0.686667 0.004000 0.016889
1 0.044750 0.634667 0.007000 0.027556
1 0.051250 0.545778 0.009000 0.028889
1 0.022000 0.351111 0.015500 0.013333
1 0.045250 0.154667 0.008250 0.028000
1 0.151250 0.082667 0.016750 0.015111
1 0.255750 0.067556 0.013250 0.024444