3 0.764750 0.113778 0.014750 0.046222
3 0.730250 0.533778 0.013250 0.040000
3 0.495250 0.573333 0.021750 0.016444
2 0.530000 0.294222 0.017250 0.042667
2 0.365000 0.358222 0.015750 0.037778
3 0.387750 0.530667 0.022000 0.036889
3 0.411750 0.508000 0.010750 0.037333
3 0.472500 0.487556 0.010750 0.038667
2 0.421250 0.388000 0.016750 0.030667
2 0.619750 0.474667 0.011250 0.020889
2 0.634000 0.210667 0.026750 0.039556
2 0.630750 0.447111 0.026500 0.029778
3 0.577750 0.167111 0.014750 0.044444
2 0.579750 0.249778 0.012500 0.023556
3 0.379250 0.664444 0.028000 0.020000
3 0.378500 0.694222 0.029250 0.019111
2 0.710750 0.756000 0.027000 0.050667
3 0.638000 0.328000 0.026000 0.032889
2 0.993500 0.233333 0.013500 0.052889