2 0.090500 0.974667 0.032000 0.042667
3 0.979500 0.624889 0.036250 0.024889
2 0.373750 0.700000 0.013000 0.029333
2 0.789000 0.722667 0.030250 0.042667
2 0.154500 0.718222 0.082500 0.090222
2 0.504250 0.635111 0.033000 0.064444
2 0.454500 0.278667 0.028500 0.040000
3 0.536250 0.720444 0.030750 0.032889
2 0.417250 0.805333 0.018750 0.019111
2 0.386000 0.744889 0.022750 0.042667
2 0.419250 0.896444 0.018750 0.065333
2 0.621250 0.305333 0.058500 0.094222
2 0.655000 0.163111 0.017000 0.056000
2 0.890250 0.190667 0.022750 0.030667
2 0.892500 0.268444 0.026750 0.080889
2 0.887500 0.283111 0.014500 0.049778
2 0.922250 0.256444 0.024250 0.036444
2 0.704250 0.315556 0.019000 0.044444
2 0.774500 0.370222 0.018000 0.030222
2 0.796750 0.377778 0.020000 0.032444
2 0.997500 0.405778 0.005250 0.008889
2 0.925000 0.482222 0.025000 0.045778
2 0.948500 0.692444 0.017250 0.042667
2 0.750500 0.843556 0.019250 0.029778
2 0.784000 0.796444 0.018000 0.031556
2 0.887250 0.496000 0.030250 0.027111
2 0.762000 0.608889 0.062500 0.109333