3 0.425000 0.708889 0.021250 0.012444
3 0.304250 0.505778 0.014750 0.035556
3 0.306250 0.686222 0.020500 0.022667
1 0.436750 0.869778 0.009500 0.029333
1 0.376250 0.591556 0.013250 0.024889
3 0.381750 0.686222 0.019750 0.016889
3 0.415500 0.623556 0.009500 0.032889
1 0.407250 0.674222 0.015500 0.012889
1 0.470500 0.678667 0.013000 0.025778
3 0.364750 0.313333 0.010500 0.029778
3 0.371750 0.501778 0.007750 0.043556
3 0.407250 0.451556 0.017250 0.041778
3 0.458750 0.400000 0.011250 0.030222
1 0.530500 0.956889 0.009750 0.028444
3 0.523000 0.659111 0.021250 0.023111
1 0.501000 0.762667 0.016500 0.013333
3 0.519500 0.796000 0.022000 0.012889
3 0.598750 0.657778 0.019500 0.016889
3 0.617500 0.746222 0.021000 0.023556
3 0.521500 0.476889 0.014500 0.035111
3 0.553500 0.464889 0.024500 0.015556
3 0.588500 0.473333 0.007750 0.042667
3 0.615500 0.564444 0.014000 0.035556
3 0.632000 0.595556 0.009250 0.032000
3 0.624500 0.423556 0.017750 0.040889
3 0.667500 0.126667 0.015000 0.046667
3 0.683000 0.560889 0.007500 0.043556
3 0.692750 0.744889 0.019250 0.017333
3 0.718750 0.510222 0.016750 0.042667
3 0.726500 0.681778 0.009250 0.031556