1 0.208000 0.907111 0.013500 0.022222
1 0.212750 0.435556 0.012500 0.026222
1 0.201500 0.485778 0.013000 0.024444
1 0.255750 0.372000 0.007250 0.028000
1 0.232500 0.568444 0.015000 0.012000
1 0.261500 0.763111 0.009250 0.028000
1 0.255000 0.852000 0.007000 0.028000
1 0.365000 0.800889 0.016000 0.017333
1 0.407250 0.675111 0.015500 0.012444
1 0.376000 0.591111 0.012750 0.024444
1 0.432250 0.497778 0.015500 0.012444
1 0.362000 0.300000 0.016250 0.015556
1 0.401500 0.413333 0.012500 0.024444
1 0.466500 0.529333 0.013000 0.023556
1 0.461750 0.692444 0.009000 0.028889
1 0.497250 0.613333 0.015750 0.014667
1 0.498000 0.677778 0.013250 0.024444
1 0.436750 0.869333 0.009250 0.028444
1 0.558250 0.956444 0.009250 0.028000
1 0.526000 0.807556 0.009000 0.028444
1 0.529000 0.762667 0.015750 0.015111
1 0.607750 0.734667 0.009500 0.028889
1 0.466250 0.284444 0.014000 0.025333
1 0.497000 0.368889 0.016250 0.014667
1 0.547500 0.456000 0.012500 0.024889
1 0.526500 0.564000 0.009250 0.029333
1 0.578500 0.539556 0.015250 0.014667
1 0.713750 0.326222 0.013250 0.026222
1 0.745000 0.410222 0.016250 0.014222
1 0.775000 0.604889 0.009000 0.028444