2 0.106750 0.259556 0.022250 0.040444
2 0.266000 0.919556 0.017250 0.032889
2 0.418000 0.935556 0.020750 0.024444
2 0.209500 0.889778 0.018750 0.033778
2 0.250750 0.972333 0.045500 0.055334
2 0.332750 0.797778 0.014500 0.004444
2 0.332750 0.810222 0.014500 0.020445
1 0.315000 0.951556 0.021000 0.026222
2 0.488000 0.695556 0.018750 0.032444
2 0.106750 0.259556 0.022250 0.040444
2 0.266000 0.919556 0.017250 0.032889
2 0.418000 0.935556 0.020750 0.024444
2 0.209500 0.889778 0.018750 0.033778
2 0.250750 0.972333 0.045500 0.055334
2 0.332750 0.797778 0.014500 0.004444
2 0.332750 0.810222 0.014500 0.020445
1 0.315000 0.951556 0.021000 0.026222
2 0.488000 0.695556 0.018750 0.032444
