2 0.557250 0.380444 0.018750 0.033778
2 0.032250 0.913778 0.036000 0.036000
2 0.275500 0.036000 0.020750 0.038222
3 0.233500 0.744444 0.027500 0.044889
2 0.397000 0.486667 0.006000 0.024000
2 0.405000 0.486667 0.010000 0.024000
1 0.385250 0.629778 0.021250 0.022667
2 0.319750 0.671111 0.048000 0.094222
2 0.557250 0.380444 0.018750 0.033778
2 0.032250 0.913778 0.036000 0.036000
2 0.275500 0.036000 0.020750 0.038222
3 0.233500 0.744444 0.027500 0.044889
2 0.397000 0.486667 0.006000 0.024000
2 0.405000 0.486667 0.010000 0.024000
1 0.385250 0.629778 0.021250 0.022667
2 0.319750 0.671111 0.048000 0.094222
