2 0.498250 0.191778 0.047000 0.016444
2 0.498250 0.238889 0.047000 0.077778
2 0.465500 0.295111 0.026250 0.048444
2 0.506250 0.284444 0.019250 0.032889
2 0.944000 0.116889 0.016000 0.018222
1 0.970250 0.120444 0.008500 0.014667
2 0.959500 0.110222 0.023750 0.037778
2 0.961000 0.140000 0.032500 0.025778
2 0.936250 0.155889 0.024750 0.088222
2 0.936250 0.201889 0.024750 0.003778
2 0.959250 0.666667 0.022250 0.032444
2 0.369500 0.166222 0.030500 0.041778
3 0.740000 0.142222 0.013750 0.050222
2 0.691500 0.468000 0.055000 0.129333
2 0.727500 0.235556 0.022000 0.031111
2 0.709500 0.221333 0.020250 0.033778
2 0.707250 0.264444 0.027500 0.050667
2 0.500000 0.983445 0.022250 0.033111
2 0.564000 0.394667 0.018250 0.010667
2 0.564000 0.410222 0.018250 0.020444
2 0.330500 0.583222 0.020500 0.033556
2 0.330500 0.603889 0.020500 0.007777
2 0.349250 0.782000 0.017750 0.036000
2 0.349250 0.811778 0.017750 0.023556
2 0.498250 0.191778 0.047000 0.016444
2 0.498250 0.238889 0.047000 0.077778
2 0.465500 0.295111 0.026250 0.048444
2 0.506250 0.284444 0.019250 0.032889
2 0.944000 0.116889 0.016000 0.018222
1 0.970250 0.120444 0.008500 0.014667
2 0.959500 0.110222 0.023750 0.037778
2 0.961000 0.140000 0.032500 0.025778
2 0.936250 0.155889 0.024750 0.088222
2 0.936250 0.201889 0.024750 0.003778
2 0.959250 0.666667 0.022250 0.032444
2 0.369500 0.166222 0.030500 0.041778
3 0.740000 0.142222 0.013750 0.050222
2 0.691500 0.468000 0.055000 0.129333
2 0.727500 0.235556 0.022000 0.031111
2 0.709500 0.221333 0.020250 0.033778
2 0.707250 0.264444 0.027500 0.050667
2 0.500000 0.983445 0.022250 0.033111
2 0.564000 0.394667 0.018250 0.010667
2 0.564000 0.410222 0.018250 0.020444
2 0.330500 0.583222 0.020500 0.033556
2 0.330500 0.603889 0.020500 0.007777
2 0.349250 0.782000 0.017750 0.036000
2 0.349250 0.811778 0.017750 0.023556
