2 0.531250 0.427111 0.010750 0.017333
2 0.139000 0.273333 0.031250 0.054222
1 0.437750 0.562667 0.011750 0.010222
2 0.379000 0.528889 0.011250 0.016000
2 0.394750 0.579555 0.010500 0.040890
2 0.394750 0.604889 0.010500 0.009777
2 0.408750 0.579555 0.017500 0.040890
2 0.408750 0.604889 0.017500 0.009777
3 0.356250 0.624000 0.015750 0.025333
2 0.182750 0.468889 0.014500 0.024889
2 0.180750 0.487111 0.017000 0.016000
2 0.189500 0.365778 0.013750 0.026667
2 0.216500 0.385778 0.016250 0.024444
2 0.214750 0.497333 0.014500 0.023111
3 0.171500 0.513333 0.012750 0.020889
2 0.159750 0.524000 0.011750 0.020444
2 0.531250 0.427111 0.010750 0.017333
2 0.139000 0.273333 0.031250 0.054222
1 0.437750 0.562667 0.011750 0.010222
2 0.379000 0.528889 0.011250 0.016000
2 0.394750 0.579555 0.010500 0.040890
2 0.394750 0.604889 0.010500 0.009777
2 0.408750 0.579555 0.017500 0.040890
2 0.408750 0.604889 0.017500 0.009777
3 0.356250 0.624000 0.015750 0.025333
2 0.182750 0.468889 0.014500 0.024889
2 0.180750 0.487111 0.017000 0.016000
2 0.189500 0.365778 0.013750 0.026667
2 0.216500 0.385778 0.016250 0.024444
2 0.214750 0.497333 0.014500 0.023111
3 0.171500 0.513333 0.012750 0.020889
2 0.159750 0.524000 0.011750 0.020444
