0 0.876500 0.020889 0.005250 0.012889
0 0.767250 0.897333 0.033750 0.043556
2 0.235500 0.584667 0.020750 0.030667
2 0.235500 0.604222 0.020750 0.008444
2 0.192250 0.589778 0.015000 0.020444
2 0.192250 0.605778 0.015000 0.011556
0 0.478750 0.713333 0.020500 0.021778
2 0.180000 0.515556 0.027250 0.047556
0 0.876500 0.020889 0.005250 0.012889
0 0.767250 0.897333 0.033750 0.043556
2 0.235500 0.584667 0.020750 0.030667
2 0.235500 0.604222 0.020750 0.008444
2 0.192250 0.589778 0.015000 0.020444
2 0.192250 0.605778 0.015000 0.011556
0 0.478750 0.713333 0.020500 0.021778
2 0.180000 0.515556 0.027250 0.047556
