2 0.972500 0.093333 0.015000 0.025333
2 0.969000 0.060000 0.013250 0.020889
2 0.869750 0.229333 0.010500 0.019111
2 0.844750 0.245333 0.014250 0.027111
2 0.593125 0.778222 0.013750 0.024444
2 0.600875 0.778222 0.001750 0.024444
2 0.585000 0.188000 0.005000 0.014667
2 0.577250 0.171111 0.016750 0.022667
2 0.569000 0.189445 0.012750 0.021111
2 0.569000 0.202555 0.012750 0.005111
2 0.473500 0.504444 0.027500 0.041333
2 0.369000 0.326667 0.028500 0.045333
2 0.972500 0.093333 0.015000 0.025333
2 0.969000 0.060000 0.013250 0.020889
2 0.869750 0.229333 0.010500 0.019111
2 0.844750 0.245333 0.014250 0.027111
2 0.593125 0.778222 0.013750 0.024444
2 0.600875 0.778222 0.001750 0.024444
2 0.585000 0.188000 0.005000 0.014667
2 0.577250 0.171111 0.016750 0.022667
2 0.569000 0.189445 0.012750 0.021111
2 0.569000 0.202555 0.012750 0.005111
2 0.473500 0.504444 0.027500 0.041333
2 0.369000 0.326667 0.028500 0.045333
