3 0.687250 0.795778 0.030750 0.008444
3 0.687250 0.807778 0.030750 0.015556
3 0.558250 0.509778 0.014750 0.051556
2 0.568250 0.533778 0.019000 0.039556
2 0.571250 0.475556 0.007250 0.021333
2 0.636750 0.445778 0.012500 0.019556
2 0.618750 0.699111 0.025000 0.039556
1 0.590000 0.680889 0.010000 0.030667
3 0.597438 0.657333 0.005125 0.027111
3 0.610812 0.657333 0.021625 0.027111
1 0.612000 0.648444 0.018500 0.021333
1 0.598188 0.632000 0.003625 0.017333
1 0.606812 0.632000 0.013625 0.017333
3 0.648000 0.565333 0.021250 0.038222
3 0.569750 0.658222 0.007750 0.041333
2 0.371750 0.519111 0.019500 0.035111
3 0.385250 0.513778 0.011000 0.046667
3 0.372000 0.488000 0.016750 0.041778
3 0.378500 0.460444 0.010250 0.036889
3 0.396625 0.473778 0.006750 0.030667
3 0.407125 0.473778 0.014250 0.030667
3 0.687250 0.795778 0.030750 0.008444
3 0.687250 0.807778 0.030750 0.015556
3 0.558250 0.509778 0.014750 0.051556
2 0.568250 0.533778 0.019000 0.039556
2 0.571250 0.475556 0.007250 0.021333
2 0.636750 0.445778 0.012500 0.019556
2 0.618750 0.699111 0.025000 0.039556
1 0.590000 0.680889 0.010000 0.030667
3 0.597438 0.657333 0.005125 0.027111
3 0.610812 0.657333 0.021625 0.027111
1 0.612000 0.648444 0.018500 0.021333
1 0.598188 0.632000 0.003625 0.017333
1 0.606812 0.632000 0.013625 0.017333
3 0.648000 0.565333 0.021250 0.038222
3 0.569750 0.658222 0.007750 0.041333
2 0.371750 0.519111 0.019500 0.035111
3 0.385250 0.513778 0.011000 0.046667
3 0.372000 0.488000 0.016750 0.041778
3 0.378500 0.460444 0.010250 0.036889
3 0.396625 0.473778 0.006750 0.030667
3 0.407125 0.473778 0.014250 0.030667
