2 0.109500 0.379889 0.031500 0.040222
2 0.109500 0.406333 0.031500 0.012667
2 0.133250 0.392333 0.015750 0.015333
2 0.133250 0.413889 0.015750 0.027778
2 0.114000 0.366222 0.034750 0.023556
2 0.114250 0.424000 0.025250 0.035111
2 0.090250 0.383111 0.024000 0.033778
2 0.090250 0.408889 0.024000 0.017778
1 0.179000 0.399223 0.015000 0.001555
1 0.179000 0.411444 0.015000 0.022889
1 0.636750 0.460444 0.017750 0.017333
1 0.143750 0.455556 0.012250 0.029778
1 0.253000 0.535556 0.011500 0.037333
1 0.395938 0.499111 0.008125 0.039556
1 0.402062 0.499111 0.004125 0.039556
1 0.610000 0.680889 0.016500 0.024000
1 0.519250 0.654667 0.015250 0.026222
1 0.183250 0.932889 0.010500 0.028444
1 0.500000 0.500889 0.018000 0.033333
1 0.861250 0.584444 0.013000 0.027111
1 0.676250 0.748444 0.012500 0.037778
1 0.154750 0.765333 0.011250 0.030222
2 0.308500 0.526667 0.029750 0.020000
2 0.318500 0.570222 0.019500 0.041333
2 0.291750 0.557778 0.025750 0.057333
1 0.776500 0.729333 0.020750 0.019111
2 0.306250 0.593000 0.034500 0.014000
2 0.306250 0.617667 0.034500 0.035333
2 0.312750 0.657333 0.025000 0.052000
2 0.292500 0.660000 0.023250 0.048889
3 0.560750 0.719556 0.019000 0.027111
1 0.570250 0.720000 0.010750 0.021333
1 0.578250 0.735556 0.011250 0.027556
1 0.561500 0.702667 0.022500 0.016444
2 0.278500 0.592889 0.020750 0.014222
2 0.278500 0.617778 0.020750 0.035556
2 0.335000 0.643556 0.021000 0.032889
2 0.305500 0.570222 0.015500 0.035556
3 0.297750 0.360444 0.026250 0.016889
1 0.328500 0.325333 0.013000 0.035556
1 0.301750 0.338222 0.016500 0.023556
2 0.282750 0.339556 0.036500 0.034667
1 0.776500 0.729333 0.020750 0.019111
2 0.306250 0.593000 0.034500 0.014000
2 0.306250 0.617667 0.034500 0.035333
2 0.312750 0.657333 0.025000 0.052000
2 0.292500 0.660000 0.023250 0.048889
3 0.559750 0.719556 0.021000 0.027111
1 0.568500 0.722222 0.019000 0.033778
1 0.578250 0.735556 0.011250 0.027556
1 0.561500 0.702667 0.022500 0.016444
2 0.278500 0.592889 0.020750 0.014222
2 0.278500 0.617778 0.020750 0.035556
2 0.335000 0.643556 0.021000 0.032889
2 0.305500 0.570222 0.015500 0.035556
3 0.297750 0.360444 0.026250 0.016889
1 0.328500 0.325333 0.013000 0.035556
1 0.301750 0.338222 0.016500 0.023556
2 0.282750 0.339556 0.036500 0.034667
