3 0.746000 0.908000 0.023000 0.036889
3 0.659250 0.985667 0.016750 0.028666
3 0.772500 0.696000 0.028750 0.039111
2 0.752750 0.798334 0.025250 0.003333
2 0.752750 0.821222 0.025250 0.042445
2 0.788750 0.638667 0.011750 0.020444
2 0.758750 0.655556 0.021250 0.043556
2 0.664750 0.768000 0.012500 0.022667
2 0.676750 0.708444 0.022250 0.043556
2 0.531750 0.758222 0.017250 0.023556
3 0.674750 0.599334 0.013250 0.001333
3 0.674750 0.621556 0.013250 0.043111
3 0.704250 0.595667 0.016250 0.008667
3 0.704250 0.616777 0.016250 0.033555
2 0.723000 0.529333 0.014750 0.023111
3 0.746000 0.908000 0.023000 0.036889
3 0.659250 0.985667 0.016750 0.028666
3 0.772500 0.696000 0.028750 0.039111
2 0.752750 0.798334 0.025250 0.003333
2 0.752750 0.821222 0.025250 0.042445
2 0.788750 0.638667 0.011750 0.020444
2 0.758750 0.655556 0.021250 0.043556
2 0.664750 0.768000 0.012500 0.022667
2 0.676750 0.708444 0.022250 0.043556
2 0.531750 0.758222 0.017250 0.023556
3 0.674750 0.599334 0.013250 0.001333
3 0.674750 0.621556 0.013250 0.043111
3 0.704250 0.595667 0.016250 0.008667
3 0.704250 0.616777 0.016250 0.033555
2 0.723000 0.529333 0.014750 0.023111
