2 0.670000 0.962222 0.012000 0.047111
2 0.655500 0.971556 0.015250 0.038667
2 0.684500 0.957778 0.025500 0.052444
2 0.673500 0.930667 0.015000 0.028444
2 0.654250 0.936444 0.025500 0.051556
2 0.678250 0.904000 0.010500 0.019111
2 0.698500 0.924444 0.014000 0.026667
2 0.717750 0.970222 0.010750 0.023111
2 0.734250 0.946222 0.009750 0.023556
2 0.488500 0.956000 0.026500 0.067111
2 0.571000 0.787667 0.028500 0.024667
2 0.571000 0.809222 0.028500 0.018444
2 0.670000 0.962222 0.012000 0.047111
2 0.655500 0.971556 0.015250 0.038667
2 0.684500 0.957778 0.025500 0.052444
2 0.673500 0.930667 0.015000 0.028444
2 0.654250 0.936444 0.025500 0.051556
2 0.678250 0.904000 0.010500 0.019111
2 0.698500 0.924444 0.014000 0.026667
2 0.717750 0.970222 0.010750 0.023111
2 0.734250 0.946222 0.009750 0.023556
2 0.488500 0.956000 0.026500 0.067111
2 0.571000 0.787667 0.028500 0.024667
2 0.571000 0.809222 0.028500 0.018444
