0 0.276750 0.105333 0.015250 0.019111
3 0.367250 0.252444 0.017500 0.020444
0 0.255750 0.970667 0.014000 0.023556
2 0.793313 0.919111 0.013375 0.029778
2 0.801188 0.919111 0.002375 0.029778
2 0.599063 0.792555 0.001875 0.014889
2 0.599063 0.806555 0.001875 0.013111
2 0.604187 0.792555 0.008375 0.014889
2 0.604187 0.806555 0.008375 0.013111
0 0.276750 0.105333 0.015250 0.019111
3 0.367250 0.252444 0.017500 0.020444
0 0.255750 0.970667 0.014000 0.023556
2 0.793313 0.919111 0.013375 0.029778
2 0.801188 0.919111 0.002375 0.029778
2 0.599063 0.792555 0.001875 0.014889
2 0.599063 0.806555 0.001875 0.013111
2 0.604187 0.792555 0.008375 0.014889
2 0.604187 0.806555 0.008375 0.013111
