2 0.534500 0.422222 0.027250 0.037333
2 0.786312 0.240444 0.027375 0.065778
2 0.812438 0.240444 0.024875 0.065778
2 0.690250 0.844000 0.027250 0.024889
2 0.688250 0.798000 0.024500 0.004000
2 0.688250 0.818000 0.024500 0.036000
2 0.680250 0.869778 0.014000 0.028889
2 0.597187 0.864889 0.005625 0.033778
2 0.610063 0.864889 0.020125 0.033778
2 0.025000 0.932444 0.029000 0.050667
2 0.534500 0.422222 0.027250 0.037333
2 0.786312 0.240444 0.027375 0.065778
2 0.812438 0.240444 0.024875 0.065778
2 0.690250 0.844000 0.027250 0.024889
2 0.688250 0.798000 0.024500 0.004000
2 0.688250 0.818000 0.024500 0.036000
2 0.680250 0.869778 0.014000 0.028889
2 0.597187 0.864889 0.005625 0.033778
2 0.610063 0.864889 0.020125 0.033778
2 0.025000 0.932444 0.029000 0.050667
