2 0.584750 0.579556 0.016500 0.040889
2 0.584750 0.609334 0.016500 0.018667
3 0.758500 0.299111 0.028000 0.041778
2 0.587500 0.092889 0.025000 0.049333
2 0.601500 0.092889 0.003000 0.049333
2 0.598063 0.037333 0.003875 0.071111
2 0.623688 0.037333 0.047375 0.071111
2 0.630000 0.082222 0.025750 0.035556
3 0.792563 0.078667 0.014875 0.027111
3 0.811187 0.078667 0.022375 0.027111
2 0.848000 0.073333 0.015500 0.053333
2 0.832500 0.060889 0.024000 0.057333
1 0.737750 0.122222 0.021500 0.037778
2 0.795063 0.192000 0.009875 0.015999
2 0.795063 0.259556 0.009875 0.119111
2 0.824188 0.192000 0.048375 0.015999
2 0.824188 0.259556 0.048375 0.119111
2 0.998125 0.100444 0.003750 0.021778
2 0.977250 0.029333 0.020500 0.031556
2 0.917250 0.044444 0.048000 0.051556
2 0.687500 0.189000 0.021500 0.022000
2 0.687500 0.206556 0.021500 0.013111
2 0.458750 0.383000 0.022000 0.034000
2 0.458750 0.404556 0.022000 0.009111
2 0.489750 0.574667 0.020500 0.050667
2 0.489750 0.605333 0.020500 0.010666
2 0.487250 0.778889 0.049750 0.042222
2 0.487250 0.843778 0.049750 0.087556
2 0.466250 0.789889 0.030500 0.020222
2 0.466250 0.819000 0.030500 0.038000
2 0.584750 0.579556 0.016500 0.040889
2 0.584750 0.609334 0.016500 0.018667
3 0.758500 0.299111 0.028000 0.041778
2 0.587500 0.092889 0.025000 0.049333
2 0.601500 0.092889 0.003000 0.049333
2 0.598063 0.037333 0.003875 0.071111
2 0.623688 0.037333 0.047375 0.071111
2 0.630000 0.082222 0.025750 0.035556
3 0.792563 0.078667 0.014875 0.027111
3 0.811187 0.078667 0.022375 0.027111
2 0.848000 0.073333 0.015500 0.053333
2 0.832500 0.060889 0.024000 0.057333
1 0.737750 0.122222 0.021500 0.037778
2 0.795063 0.192000 0.009875 0.015999
2 0.795063 0.259556 0.009875 0.119111
2 0.824188 0.192000 0.048375 0.015999
2 0.824188 0.259556 0.048375 0.119111
2 0.998125 0.100444 0.003750 0.021778
2 0.977250 0.029333 0.020500 0.031556
2 0.917250 0.044444 0.048000 0.051556
2 0.687500 0.189000 0.021500 0.022000
2 0.687500 0.206556 0.021500 0.013111
2 0.458750 0.383000 0.022000 0.034000
2 0.458750 0.404556 0.022000 0.009111
2 0.489750 0.574667 0.020500 0.050667
2 0.489750 0.605333 0.020500 0.010666
2 0.487250 0.778889 0.049750 0.042222
2 0.487250 0.843778 0.049750 0.087556
2 0.466250 0.789889 0.030500 0.020222
2 0.466250 0.819000 0.030500 0.038000
