2 0.466250 0.346667 0.021500 0.031556
2 0.455250 0.380111 0.024750 0.039778
2 0.455250 0.403445 0.024750 0.006889
2 0.438000 0.350222 0.028500 0.048444
1 0.451750 0.331556 0.024750 0.020000
1 0.427750 0.364000 0.008500 0.019111
2 0.415500 0.360444 0.017000 0.024889
2 0.443500 0.419111 0.023000 0.035111
2 0.447250 0.306667 0.032750 0.035111
2 0.480000 0.341333 0.019250 0.025333
2 0.396937 0.386000 0.006125 0.028000
2 0.396937 0.409111 0.006125 0.018222
2 0.410312 0.386000 0.020625 0.028000
2 0.410312 0.409111 0.020625 0.018222
2 0.416500 0.314667 0.026500 0.057778
2 0.385500 0.461333 0.029000 0.049778
2 0.403000 0.461333 0.006000 0.049778
2 0.466250 0.346667 0.021500 0.031556
2 0.455250 0.380111 0.024750 0.039778
2 0.455250 0.403445 0.024750 0.006889
2 0.438000 0.350222 0.028500 0.048444
1 0.451750 0.331556 0.024750 0.020000
1 0.427750 0.364000 0.008500 0.019111
2 0.415500 0.360444 0.017000 0.024889
2 0.443500 0.419111 0.023000 0.035111
2 0.447250 0.306667 0.032750 0.035111
2 0.480000 0.341333 0.019250 0.025333
2 0.396937 0.386000 0.006125 0.028000
2 0.396937 0.409111 0.006125 0.018222
2 0.410312 0.386000 0.020625 0.028000
2 0.410312 0.409111 0.020625 0.018222
2 0.416500 0.314667 0.026500 0.057778
2 0.385500 0.461333 0.029000 0.049778
2 0.403000 0.461333 0.006000 0.049778
