2 0.526750 0.314222 0.007250 0.027556
2 0.505250 0.298222 0.011000 0.021778
2 0.525750 0.592667 0.012250 0.014667
2 0.525750 0.607333 0.012250 0.014666
2 0.513500 0.588333 0.015500 0.023334
2 0.513500 0.609889 0.015500 0.019778
2 0.621750 0.408889 0.010750 0.012000
2 0.625500 0.427111 0.013000 0.019111
2 0.627750 0.457333 0.013500 0.021333
2 0.776500 0.728000 0.038000 0.051111
2 0.224500 0.556000 0.005750 0.008444
2 0.233500 0.559556 0.005750 0.013778
2 0.225750 0.544000 0.015250 0.019556
2 0.216750 0.563111 0.011000 0.023111
2 0.145750 0.840444 0.031750 0.032444
2 0.113000 0.875556 0.030750 0.030222
2 0.526750 0.314222 0.007250 0.027556
2 0.505250 0.298222 0.011000 0.021778
2 0.525750 0.592667 0.012250 0.014667
2 0.525750 0.607333 0.012250 0.014666
2 0.513500 0.588333 0.015500 0.023334
2 0.513500 0.609889 0.015500 0.019778
2 0.621750 0.408889 0.010750 0.012000
2 0.625500 0.427111 0.013000 0.019111
2 0.627750 0.457333 0.013500 0.021333
2 0.776500 0.728000 0.038000 0.051111
2 0.224500 0.556000 0.005750 0.008444
2 0.233500 0.559556 0.005750 0.013778
2 0.225750 0.544000 0.015250 0.019556
2 0.216750 0.563111 0.011000 0.023111
2 0.145750 0.840444 0.031750 0.032444
2 0.113000 0.875556 0.030750 0.030222
