3 0.018250 0.030667 0.017000 0.060889
2 0.476250 0.797556 0.009000 0.004889
2 0.476250 0.801111 0.009000 0.002222
3 0.171000 0.658667 0.014000 0.040000
2 0.076250 0.456444 0.027250 0.027556
3 0.078000 0.494667 0.013250 0.052000
3 0.127500 0.429778 0.031250 0.018667
1 0.427000 0.272000 0.019750 0.022667
3 0.388750 0.285778 0.014750 0.052444
2 0.267750 0.344444 0.011000 0.024444
2 0.310000 0.295556 0.014500 0.026222
3 0.239500 0.557333 0.027250 0.020444
1 0.290500 0.581333 0.013500 0.036889
2 0.323000 0.589445 0.032000 0.021111
2 0.323000 0.613667 0.032000 0.027333
3 0.371500 0.519111 0.025000 0.054222
1 0.428750 0.496444 0.019000 0.017778
3 0.018250 0.030667 0.017000 0.060889
2 0.476250 0.797556 0.009000 0.004889
2 0.476250 0.801111 0.009000 0.002222
3 0.171000 0.658667 0.014000 0.040000
2 0.076250 0.456444 0.027250 0.027556
3 0.078000 0.494667 0.013250 0.052000
3 0.127500 0.429778 0.031250 0.018667
1 0.427000 0.272000 0.019750 0.022667
3 0.388750 0.285778 0.014750 0.052444
2 0.267750 0.344444 0.011000 0.024444
2 0.310000 0.295556 0.014500 0.026222
3 0.239500 0.557333 0.027250 0.020444
1 0.290500 0.581333 0.013500 0.036889
2 0.323000 0.589445 0.032000 0.021111
2 0.323000 0.613667 0.032000 0.027333
3 0.371500 0.519111 0.025000 0.054222
1 0.428750 0.496444 0.019000 0.017778
