3 0.593750 0.791889 0.012500 0.016223
3 0.593750 0.806333 0.012500 0.012667
3 0.610500 0.791889 0.021000 0.016223
3 0.610500 0.806333 0.021000 0.012667
2 0.612000 0.325333 0.015250 0.024889
3 0.673000 0.366667 0.026000 0.020000
3 0.861750 0.128444 0.023000 0.032889
1 0.929000 0.354222 0.010500 0.032889
2 0.525750 0.681333 0.019000 0.052444
3 0.473500 0.494667 0.015250 0.052444
2 0.473000 0.524444 0.022000 0.036444
2 0.487000 0.461778 0.007250 0.022222
1 0.443750 0.494667 0.016750 0.020889
1 0.444500 0.565333 0.012250 0.032444
3 0.443500 0.590667 0.028750 0.018666
3 0.443500 0.600889 0.028750 0.001778
3 0.313500 0.457778 0.021750 0.034222
3 0.593750 0.791889 0.012500 0.016223
3 0.593750 0.806333 0.012500 0.012667
3 0.610500 0.791889 0.021000 0.016223
3 0.610500 0.806333 0.021000 0.012667
2 0.612000 0.325333 0.015250 0.024889
3 0.673000 0.366667 0.026000 0.020000
3 0.861750 0.128444 0.023000 0.032889
1 0.929000 0.354222 0.010500 0.032889
2 0.525750 0.681333 0.019000 0.052444
3 0.473500 0.494667 0.015250 0.052444
2 0.473000 0.524444 0.022000 0.036444
2 0.487000 0.461778 0.007250 0.022222
1 0.443750 0.494667 0.016750 0.020889
1 0.444500 0.565333 0.012250 0.032444
3 0.443500 0.590667 0.028750 0.018666
3 0.443500 0.600889 0.028750 0.001778
3 0.313500 0.457778 0.021750 0.034222
