2 0.588375 0.183334 0.023250 0.033333
2 0.588375 0.205556 0.023250 0.011111
2 0.601875 0.183334 0.003750 0.033333
2 0.601875 0.205556 0.003750 0.011111
2 0.520500 0.260889 0.018000 0.044444
2 0.499250 0.927111 0.038750 0.057333
1 0.734250 0.757333 0.040000 0.022667
1 0.781438 0.176000 0.037125 0.034222
1 0.802812 0.176000 0.005625 0.034222
3 0.727500 0.260444 0.050000 0.034667
3 0.827000 0.708000 0.019000 0.088000
3 0.625750 0.240889 0.048750 0.039111
3 0.373000 0.464000 0.019750 0.081778
3 0.332000 0.755556 0.025750 0.072000
3 0.008750 0.192889 0.017250 0.014222
3 0.008750 0.237333 0.017250 0.074667
2 0.588375 0.183334 0.023250 0.033333
2 0.588375 0.205556 0.023250 0.011111
2 0.601875 0.183334 0.003750 0.033333
2 0.601875 0.205556 0.003750 0.011111
2 0.520500 0.260889 0.018000 0.044444
2 0.499250 0.927111 0.038750 0.057333
1 0.734250 0.757333 0.040000 0.022667
1 0.781438 0.176000 0.037125 0.034222
1 0.802812 0.176000 0.005625 0.034222
3 0.727500 0.260444 0.050000 0.034667
3 0.827000 0.708000 0.019000 0.088000
3 0.625750 0.240889 0.048750 0.039111
3 0.373000 0.464000 0.019750 0.081778
3 0.332000 0.755556 0.025750 0.072000
3 0.008750 0.192889 0.017250 0.014222
3 0.008750 0.237333 0.017250 0.074667
