0 0.988250 0.021333 0.004000 0.006667
0 0.855750 0.028444 0.006000 0.005333
2 0.620250 0.121333 0.005250 0.010222
2 0.670500 0.117778 0.012250 0.017333
2 0.433000 0.134667 0.008250 0.015556
2 0.413500 0.364000 0.007000 0.009778
0 0.481500 0.198444 0.116250 0.003112
0 0.481500 0.219778 0.116250 0.039555
2 0.861500 0.529778 0.024250 0.054222
2 0.714000 0.738222 0.019500 0.022667
0 0.502250 0.389333 0.014000 0.021334
0 0.502250 0.406667 0.014000 0.013333
0 0.988250 0.021333 0.004000 0.006667
0 0.855750 0.028444 0.006000 0.005333
2 0.620250 0.121333 0.005250 0.010222
2 0.670500 0.117778 0.012250 0.017333
2 0.433000 0.134667 0.008250 0.015556
2 0.413500 0.364000 0.007000 0.009778
0 0.481500 0.198444 0.116250 0.003112
0 0.481500 0.219778 0.116250 0.039555
2 0.861500 0.529778 0.024250 0.054222
2 0.714000 0.738222 0.019500 0.022667
0 0.502250 0.389333 0.014000 0.021334
0 0.502250 0.406667 0.014000 0.013333
