1 0.184250 0.072889 0.017250 0.015556
2 0.081500 0.020000 0.018500 0.024000
2 0.120500 0.108000 0.043250 0.081778
3 0.441500 0.669778 0.027750 0.038667
2 0.624750 0.625333 0.012750 0.028444
2 0.631750 0.537778 0.019500 0.034667
2 0.615000 0.585889 0.022750 0.028222
2 0.615000 0.606111 0.022750 0.012222
2 0.530500 0.510667 0.019500 0.037778
2 0.530250 0.580889 0.038750 0.038222
2 0.530250 0.609778 0.038750 0.019556
2 0.465250 0.787222 0.036000 0.025556
2 0.465250 0.848778 0.036000 0.097555
1 0.184250 0.072889 0.017250 0.015556
2 0.081500 0.020000 0.018500 0.024000
2 0.120500 0.108000 0.043250 0.081778
3 0.441500 0.669778 0.027750 0.038667
2 0.624750 0.625333 0.012750 0.028444
2 0.631750 0.537778 0.019500 0.034667
2 0.615000 0.585889 0.022750 0.028222
2 0.615000 0.606111 0.022750 0.012222
2 0.530500 0.510667 0.019500 0.037778
2 0.530250 0.580889 0.038750 0.038222
2 0.530250 0.609778 0.038750 0.019556
2 0.465250 0.787222 0.036000 0.025556
2 0.465250 0.848778 0.036000 0.097555
