2 0.428750 0.637333 0.026500 0.024444
2 0.547000 0.600000 0.012750 0.000001
2 0.547000 0.609333 0.012750 0.018666
2 0.535750 0.587000 0.022250 0.026000
2 0.535750 0.611222 0.022250 0.022444
2 0.549500 0.571111 0.014000 0.013778
2 0.464750 0.560444 0.021250 0.055556
3 0.637750 0.566222 0.008250 0.026667
2 0.428750 0.637333 0.026500 0.024444
2 0.547000 0.600000 0.012750 0.000001
2 0.547000 0.609333 0.012750 0.018666
2 0.535750 0.587000 0.022250 0.026000
2 0.535750 0.611222 0.022250 0.022444
2 0.549500 0.571111 0.014000 0.013778
2 0.464750 0.560444 0.021250 0.055556
3 0.637750 0.566222 0.008250 0.026667
