2 0.346500 0.308444 0.032750 0.029333
2 0.992375 0.020000 0.015250 0.035111
2 0.860250 0.151556 0.024250 0.036444
1 0.666000 0.038667 0.021750 0.014667
2 0.591313 0.074222 0.017375 0.080889
2 0.618688 0.074222 0.037375 0.080889
2 0.978000 0.486222 0.018500 0.051556
2 0.970000 0.768111 0.036250 0.063778
2 0.970000 0.829222 0.036250 0.058444
2 0.346500 0.308444 0.032750 0.029333
2 0.992375 0.020000 0.015250 0.035111
2 0.860250 0.151556 0.024250 0.036444
1 0.666000 0.038667 0.021750 0.014667
2 0.591313 0.074222 0.017375 0.080889
2 0.618688 0.074222 0.037375 0.080889
2 0.978000 0.486222 0.018500 0.051556
2 0.970000 0.768111 0.036250 0.063778
2 0.970000 0.829222 0.036250 0.058444
