2 0.373250 0.568889 0.019250 0.020000
2 0.224750 0.381778 0.019000 0.036000
2 0.509000 0.498667 0.020250 0.036444
2 0.501000 0.587111 0.012500 0.025778
2 0.501000 0.600445 0.012500 0.000889
2 0.492000 0.555111 0.023250 0.042667
2 0.330500 0.770555 0.038750 0.058889
2 0.330500 0.834334 0.038750 0.068667
2 0.397125 0.470667 0.005750 0.038667
2 0.407625 0.470667 0.015250 0.038667
2 0.391688 0.551111 0.016625 0.057333
2 0.412313 0.551111 0.024625 0.057333
3 0.311500 0.636000 0.030000 0.038667
2 0.373250 0.568889 0.019250 0.020000
2 0.224750 0.381778 0.019000 0.036000
2 0.509000 0.498667 0.020250 0.036444
2 0.501000 0.587111 0.012500 0.025778
2 0.501000 0.600445 0.012500 0.000889
2 0.492000 0.555111 0.023250 0.042667
2 0.330500 0.770555 0.038750 0.058889
2 0.330500 0.834334 0.038750 0.068667
2 0.397125 0.470667 0.005750 0.038667
2 0.407625 0.470667 0.015250 0.038667
2 0.391688 0.551111 0.016625 0.057333
2 0.412313 0.551111 0.024625 0.057333
3 0.311500 0.636000 0.030000 0.038667
