2 0.929000 0.845778 0.014750 0.026222
2 0.906000 0.119111 0.007750 0.014667
0 0.917750 0.096889 0.015000 0.025778
0 0.907000 0.060000 0.035250 0.060444
2 0.457500 0.101778 0.037500 0.086222
2 0.674750 0.436000 0.016000 0.014667
2 0.567250 0.649333 0.017750 0.037778
2 0.929000 0.845778 0.014750 0.026222
2 0.906000 0.119111 0.007750 0.014667
0 0.917750 0.096889 0.015000 0.025778
0 0.907000 0.060000 0.035250 0.060444
2 0.457500 0.101778 0.037500 0.086222
2 0.674750 0.436000 0.016000 0.014667
2 0.567250 0.649333 0.017750 0.037778
