2 0.278250 0.420000 0.016250 0.019111
2 0.275000 0.430222 0.020000 0.020444
2 0.292250 0.424444 0.018000 0.032444
2 0.268500 0.444889 0.012250 0.018222
2 0.283000 0.398556 0.016000 0.002889
2 0.283000 0.408111 0.016000 0.016222
2 0.268250 0.398555 0.011000 0.002890
2 0.268250 0.409889 0.011000 0.019777
2 0.284000 0.452889 0.012000 0.016000
2 0.262750 0.475111 0.016500 0.027556
2 0.278250 0.420000 0.016250 0.019111
2 0.275000 0.430222 0.020000 0.020444
2 0.292250 0.424444 0.018000 0.032444
2 0.268500 0.444889 0.012250 0.018222
2 0.283000 0.398556 0.016000 0.002889
2 0.283000 0.408111 0.016000 0.016222
2 0.268250 0.398555 0.011000 0.002890
2 0.268250 0.409889 0.011000 0.019777
2 0.284000 0.452889 0.012000 0.016000
2 0.262750 0.475111 0.016500 0.027556
