2 0.501250 0.268444 0.006250 0.011556
0 0.586500 0.246222 0.009000 0.011556
1 0.561750 0.532000 0.008000 0.022667
1 0.557250 0.409333 0.008250 0.018222
2 0.483000 0.527556 0.010000 0.013778
2 0.483250 0.535556 0.011750 0.015111
2 0.384750 0.486222 0.014750 0.020000
2 0.325000 0.352889 0.008750 0.019111
2 0.410000 0.389667 0.015250 0.020667
2 0.410000 0.401000 0.015250 0.002000
2 0.394375 0.411556 0.011250 0.013778
2 0.400625 0.411556 0.001250 0.013778
2 0.464250 0.521333 0.010000 0.024444
1 0.503500 0.364000 0.007750 0.018222
3 0.500750 0.420444 0.005500 0.029778
2 0.457750 0.502222 0.013750 0.024000
2 0.440750 0.451556 0.012750 0.023556
3 0.422250 0.343556 0.008000 0.020444
2 0.501250 0.268444 0.006250 0.011556
0 0.586500 0.246222 0.009000 0.011556
1 0.561750 0.532000 0.008000 0.022667
1 0.557250 0.409333 0.008250 0.018222
2 0.483000 0.527556 0.010000 0.013778
2 0.483250 0.535556 0.011750 0.015111
2 0.384750 0.486222 0.014750 0.020000
2 0.325000 0.352889 0.008750 0.019111
2 0.410000 0.389667 0.015250 0.020667
2 0.410000 0.401000 0.015250 0.002000
2 0.394375 0.411556 0.011250 0.013778
2 0.400625 0.411556 0.001250 0.013778
2 0.464250 0.521333 0.010000 0.024444
1 0.503500 0.364000 0.007750 0.018222
3 0.500750 0.420444 0.005500 0.029778
2 0.457750 0.502222 0.013750 0.024000
2 0.440750 0.451556 0.012750 0.023556
3 0.422250 0.343556 0.008000 0.020444
