3 0.640500 0.643556 0.017000 0.066667
3 0.556750 0.399556 0.019750 0.000889
3 0.556750 0.445777 0.019750 0.091555
3 0.440000 0.773333 0.049250 0.037778
3 0.382688 0.790667 0.034625 0.018667
3 0.382688 0.805333 0.034625 0.010667
3 0.407813 0.790667 0.015625 0.018667
3 0.407813 0.805333 0.015625 0.010667
3 0.436250 0.319556 0.025750 0.084889
1 0.278750 0.330222 0.024000 0.057333
1 0.337750 0.155556 0.030250 0.053333
2 0.039500 0.599222 0.026500 0.001556
2 0.039500 0.614556 0.026500 0.029111
3 0.640500 0.643556 0.017000 0.066667
3 0.556750 0.399556 0.019750 0.000889
3 0.556750 0.445777 0.019750 0.091555
3 0.440000 0.773333 0.049250 0.037778
3 0.382688 0.790667 0.034625 0.018667
3 0.382688 0.805333 0.034625 0.010667
3 0.407813 0.790667 0.015625 0.018667
3 0.407813 0.805333 0.015625 0.010667
3 0.436250 0.319556 0.025750 0.084889
1 0.278750 0.330222 0.024000 0.057333
1 0.337750 0.155556 0.030250 0.053333
2 0.039500 0.599222 0.026500 0.001556
2 0.039500 0.614556 0.026500 0.029111
