2 0.955500 0.933333 0.022000 0.034222
1 0.964000 0.385778 0.007000 0.016000
2 0.942000 0.388000 0.025250 0.022667
2 0.956000 0.397223 0.028500 0.005555
2 0.956000 0.413444 0.028500 0.026889
2 0.953500 0.379111 0.024250 0.038222
2 0.929750 0.394111 0.023750 0.011778
2 0.929750 0.435222 0.023750 0.070444
2 0.724000 0.504444 0.020250 0.031111
2 0.707500 0.492000 0.019750 0.031111
2 0.563750 0.674222 0.020500 0.032889
2 0.499500 0.508444 0.046750 0.084444
3 0.737000 0.393222 0.014750 0.013555
3 0.737000 0.417889 0.014750 0.035778
2 0.788188 0.865333 0.023625 0.058667
2 0.800063 0.865333 0.000125 0.058667
2 0.703000 0.535111 0.026000 0.049333
2 0.690500 0.742889 0.053500 0.114223
2 0.690500 0.805555 0.053500 0.011111
2 0.331250 0.872444 0.022750 0.041333
2 0.467250 0.570222 0.026000 0.045333
2 0.372250 0.456000 0.029000 0.043111
2 0.955500 0.933333 0.022000 0.034222
1 0.964000 0.385778 0.007000 0.016000
2 0.942000 0.388000 0.025250 0.022667
2 0.956000 0.397223 0.028500 0.005555
2 0.956000 0.413444 0.028500 0.026889
2 0.953500 0.379111 0.024250 0.038222
2 0.929750 0.394111 0.023750 0.011778
2 0.929750 0.435222 0.023750 0.070444
2 0.724000 0.504444 0.020250 0.031111
2 0.707500 0.492000 0.019750 0.031111
2 0.563750 0.674222 0.020500 0.032889
2 0.499500 0.508444 0.046750 0.084444
3 0.737000 0.393222 0.014750 0.013555
3 0.737000 0.417889 0.014750 0.035778
2 0.788188 0.865333 0.023625 0.058667
2 0.800063 0.865333 0.000125 0.058667
2 0.703000 0.535111 0.026000 0.049333
2 0.690500 0.742889 0.053500 0.114223
2 0.690500 0.805555 0.053500 0.011111
2 0.331250 0.872444 0.022750 0.041333
2 0.467250 0.570222 0.026000 0.045333
2 0.372250 0.456000 0.029000 0.043111
