1 0.350000 0.465333 0.022250 0.055111
1 0.397562 0.288000 0.004875 0.054222
1 0.411937 0.288000 0.023875 0.054222
2 0.109000 0.745333 0.025500 0.029333
3 0.510000 0.915111 0.053500 0.044444
3 0.461250 0.936889 0.052500 0.034222
3 0.628750 0.568555 0.018250 0.062889
3 0.628750 0.616334 0.018250 0.032667
3 0.508000 0.458222 0.026000 0.084444
3 0.024000 0.585334 0.031250 0.029333
3 0.024000 0.639556 0.031250 0.079111
1 0.350000 0.465333 0.022250 0.055111
1 0.397562 0.288000 0.004875 0.054222
1 0.411937 0.288000 0.023875 0.054222
2 0.109000 0.745333 0.025500 0.029333
3 0.510000 0.915111 0.053500 0.044444
3 0.461250 0.936889 0.052500 0.034222
3 0.628750 0.568555 0.018250 0.062889
3 0.628750 0.616334 0.018250 0.032667
3 0.508000 0.458222 0.026000 0.084444
3 0.024000 0.585334 0.031250 0.029333
3 0.024000 0.639556 0.031250 0.079111
