1 0.478250 0.769333 0.011250 0.031111
1 0.639500 0.695111 0.021250 0.033778
3 0.325750 0.714667 0.019750 0.025778
1 0.451250 0.580000 0.011750 0.027556
1 0.555250 0.535556 0.010000 0.032000
1 0.593938 0.394889 0.012125 0.010222
1 0.593938 0.406889 0.012125 0.013778
1 0.601313 0.394889 0.002625 0.010222
1 0.601313 0.406889 0.002625 0.013778
1 0.596625 0.382222 0.006750 0.025333
1 0.607875 0.382222 0.015750 0.025333
1 0.478250 0.769333 0.011250 0.031111
1 0.639500 0.695111 0.021250 0.033778
3 0.325750 0.714667 0.019750 0.025778
1 0.451250 0.580000 0.011750 0.027556
1 0.555250 0.535556 0.010000 0.032000
1 0.593938 0.394889 0.012125 0.010222
1 0.593938 0.406889 0.012125 0.013778
1 0.601313 0.394889 0.002625 0.010222
1 0.601313 0.406889 0.002625 0.013778
1 0.596625 0.382222 0.006750 0.025333
1 0.607875 0.382222 0.015750 0.025333
