3 0.075250 0.429333 0.035750 0.022222
1 0.071500 0.409778 0.012250 0.014667
1 0.113000 0.383333 0.018500 0.033334
1 0.113000 0.402000 0.018500 0.003999
1 0.661500 0.799000 0.021000 0.002000
1 0.661500 0.807667 0.021000 0.015333
3 0.395250 0.828889 0.009500 0.027556
3 0.405250 0.828889 0.010500 0.027556
1 0.399750 0.825333 0.000500 0.031556
1 0.412250 0.825333 0.024500 0.031556
1 0.424000 0.843111 0.014250 0.033333
1 0.395625 0.796667 0.008750 0.006667
1 0.395625 0.806000 0.008750 0.012000
1 0.409875 0.796667 0.019750 0.006667
1 0.409875 0.806000 0.019750 0.012000
3 0.075250 0.429333 0.035750 0.022222
1 0.071500 0.409778 0.012250 0.014667
1 0.113000 0.383333 0.018500 0.033334
1 0.113000 0.402000 0.018500 0.003999
1 0.661500 0.799000 0.021000 0.002000
1 0.661500 0.807667 0.021000 0.015333
3 0.395250 0.828889 0.009500 0.027556
3 0.405250 0.828889 0.010500 0.027556
1 0.399750 0.825333 0.000500 0.031556
1 0.412250 0.825333 0.024500 0.031556
1 0.424000 0.843111 0.014250 0.033333
1 0.395625 0.796667 0.008750 0.006667
1 0.395625 0.806000 0.008750 0.012000
1 0.409875 0.796667 0.019750 0.006667
1 0.409875 0.806000 0.019750 0.012000
