2 0.841000 0.056444 0.016000 0.023111
2 0.825250 0.081778 0.038500 0.048444
2 0.864250 0.080444 0.018250 0.036000
2 0.797750 0.141333 0.004500 0.097333
2 0.812250 0.141333 0.024500 0.097333
2 0.790500 0.166444 0.019000 0.067111
2 0.790500 0.203778 0.019000 0.007555
2 0.806000 0.166444 0.012000 0.067111
2 0.806000 0.203778 0.012000 0.007555
2 0.884000 0.103111 0.025000 0.044000
3 0.309250 0.898222 0.051250 0.040889
3 0.259250 0.924000 0.052000 0.026667
3 0.513000 0.741778 0.015250 0.073778
3 0.422750 0.548000 0.019250 0.094222
3 0.294000 0.393111 0.029750 0.013777
3 0.294000 0.435778 0.029750 0.071555
1 0.185312 0.268444 0.029375 0.053778
1 0.200937 0.268444 0.001875 0.053778
1 0.131000 0.455111 0.026750 0.056889
2 0.841000 0.056444 0.016000 0.023111
2 0.825250 0.081778 0.038500 0.048444
2 0.864250 0.080444 0.018250 0.036000
2 0.797750 0.141333 0.004500 0.097333
2 0.812250 0.141333 0.024500 0.097333
2 0.790500 0.166444 0.019000 0.067111
2 0.790500 0.203778 0.019000 0.007555
2 0.806000 0.166444 0.012000 0.067111
2 0.806000 0.203778 0.012000 0.007555
2 0.884000 0.103111 0.025000 0.044000
3 0.309250 0.898222 0.051250 0.040889
3 0.259250 0.924000 0.052000 0.026667
3 0.513000 0.741778 0.015250 0.073778
3 0.422750 0.548000 0.019250 0.094222
3 0.294000 0.393111 0.029750 0.013777
3 0.294000 0.435778 0.029750 0.071555
1 0.185312 0.268444 0.029375 0.053778
1 0.200937 0.268444 0.001875 0.053778
1 0.131000 0.455111 0.026750 0.056889
