3 0.477500 0.599667 0.015250 0.000667
3 0.477500 0.605667 0.015250 0.011333
3 0.551000 0.819556 0.011250 0.024000
1 0.564500 0.665333 0.010750 0.012444
1 0.472000 0.701333 0.007000 0.017333
1 0.499000 0.741333 0.008250 0.017333
1 0.443500 0.701333 0.007750 0.023111
1 0.424250 0.752444 0.009500 0.008444
1 0.413000 0.752000 0.013250 0.021778
3 0.477500 0.599667 0.015250 0.000667
3 0.477500 0.605667 0.015250 0.011333
3 0.551000 0.819556 0.011250 0.024000
1 0.564500 0.665333 0.010750 0.012444
1 0.472000 0.701333 0.007000 0.017333
1 0.499000 0.741333 0.008250 0.017333
1 0.443500 0.701333 0.007750 0.023111
1 0.424250 0.752444 0.009500 0.008444
1 0.413000 0.752000 0.013250 0.021778
