0 0.844750 0.542222 0.012000 0.023111
2 0.797937 0.547111 0.004125 0.078222
2 0.815312 0.547111 0.030625 0.078222
2 0.799813 0.493778 0.000375 0.030667
2 0.808688 0.493778 0.017375 0.030667
2 0.515000 0.444444 0.025000 0.038222
2 0.493250 0.355111 0.019000 0.032444
2 0.538500 0.288444 0.036750 0.058222
0 0.844750 0.542222 0.012000 0.023111
2 0.797937 0.547111 0.004125 0.078222
2 0.815312 0.547111 0.030625 0.078222
2 0.799813 0.493778 0.000375 0.030667
2 0.808688 0.493778 0.017375 0.030667
2 0.515000 0.444444 0.025000 0.038222
2 0.493250 0.355111 0.019000 0.032444
2 0.538500 0.288444 0.036750 0.058222
