2 0.448250 0.312889 0.016250 0.017778
2 0.435250 0.332000 0.017000 0.027111
2 0.419000 0.506222 0.034250 0.065778
0 0.841500 0.532333 0.074250 0.135334
0 0.841500 0.602778 0.074250 0.005555
2 0.794938 0.978222 0.010125 0.032444
2 0.803313 0.978222 0.006625 0.032444
2 0.655250 0.329333 0.026250 0.034667
2 0.448250 0.312889 0.016250 0.017778
2 0.435250 0.332000 0.017000 0.027111
2 0.419000 0.506222 0.034250 0.065778
0 0.841500 0.532333 0.074250 0.135334
0 0.841500 0.602778 0.074250 0.005555
2 0.794938 0.978222 0.010125 0.032444
2 0.803313 0.978222 0.006625 0.032444
2 0.655250 0.329333 0.026250 0.034667
