2 0.346250 0.324889 0.019750 0.040889
2 0.243000 0.242667 0.020750 0.040889
2 0.018000 0.573778 0.024250 0.043556
2 0.067750 0.593222 0.029500 0.013556
2 0.067750 0.616111 0.029500 0.032222
2 0.005750 0.770222 0.010750 0.036889
2 0.007000 0.793000 0.013750 0.014000
2 0.007000 0.804778 0.013750 0.009556
2 0.060000 0.784444 0.019000 0.024889
2 0.062500 0.796111 0.031000 0.007777
2 0.062500 0.818556 0.031000 0.037111
2 0.355750 0.859111 0.018000 0.031111
2 0.387313 0.956000 0.025375 0.087556
2 0.411938 0.956000 0.023875 0.087556
2 0.475750 0.773778 0.013500 0.027556
1 0.460750 0.917778 0.020500 0.023556
2 0.626000 0.664000 0.019000 0.032000
2 0.346250 0.324889 0.019750 0.040889
2 0.243000 0.242667 0.020750 0.040889
2 0.018000 0.573778 0.024250 0.043556
2 0.067750 0.593222 0.029500 0.013556
2 0.067750 0.616111 0.029500 0.032222
2 0.005750 0.770222 0.010750 0.036889
2 0.007000 0.793000 0.013750 0.014000
2 0.007000 0.804778 0.013750 0.009556
2 0.060000 0.784444 0.019000 0.024889
2 0.062500 0.796111 0.031000 0.007777
2 0.062500 0.818556 0.031000 0.037111
2 0.355750 0.859111 0.018000 0.031111
2 0.387313 0.956000 0.025375 0.087556
2 0.411938 0.956000 0.023875 0.087556
2 0.475750 0.773778 0.013500 0.027556
1 0.460750 0.917778 0.020500 0.023556
2 0.626000 0.664000 0.019000 0.032000
