2 0.769000 0.058222 0.014250 0.023111
3 0.667750 0.127111 0.014750 0.047556
2 0.669500 0.209333 0.013500 0.021778
2 0.716500 0.282667 0.011750 0.022667
2 0.726750 0.232000 0.023250 0.041333
2 0.677000 0.304000 0.018500 0.027556
2 0.830250 0.161778 0.012500 0.020444
2 0.802750 0.175556 0.020750 0.043111
2 0.921000 0.169333 0.026750 0.040889
2 0.993500 0.232889 0.013500 0.052444
2 0.799250 0.329778 0.024250 0.043556
2 0.929500 0.568889 0.013000 0.024000
2 0.941000 0.542667 0.023500 0.034222
2 0.785250 0.777778 0.018000 0.041333
3 0.843500 0.722222 0.011250 0.034222
2 0.979000 0.724889 0.028500 0.049333
3 0.997250 0.867556 0.006000 0.028889
3 0.969500 0.925778 0.012750 0.048889
3 0.911250 0.884444 0.016000 0.040889
1 0.853250 0.987111 0.015000 0.026222
2 0.791500 0.912444 0.027750 0.056000
2 0.514750 0.625333 0.017500 0.030667
3 0.578250 0.464889 0.027250 0.016889
2 0.661500 0.511556 0.022500 0.049333