2 0.16405999999999976 0.07728499999999999 0.11719 0.09576499999999999
2 0.10231999999999963 0.09744499999999999 0.074345 0.16632999999999998
0 0.04183499999999951 0.105845 0.05922499999999999 0.07392499999999999
0 0.1691049999999994 0.115925 0.085685 0.080645
2 0.09727999999999959 0.577955 0.11844999999999999 0.114245
2 0.16405999999999976 0.07728499999999999 0.11719 0.09576499999999999
2 0.10231999999999963 0.09744499999999999 0.074345 0.16632999999999998
0 0.04183499999999951 0.105845 0.05922499999999999 0.07392499999999999
0 0.1691049999999994 0.115925 0.085685 0.080645
2 0.09727999999999959 0.577955 0.11844999999999999 0.114245
