2 0.33875 0.08055499999999938 0.1475 0.16111
2 0.028749999999999998 0.8511099999999994 0.05374999999999999 0.18444499999999997
2 0.034999999999999996 0.9649999999999997 0.06874999999999999 0.06999999999999999
2 0.3 0.9222199999999997 0.09499999999999999 0.124445
2 0.3125 0.9805549999999996 0.155 0.038884999999999996
2 0.33875 0.08055499999999938 0.1475 0.16111
2 0.028749999999999998 0.8511099999999994 0.05374999999999999 0.18444499999999997
2 0.034999999999999996 0.9649999999999997 0.06874999999999999 0.06999999999999999
2 0.3 0.9222199999999997 0.09499999999999999 0.124445
2 0.3125 0.9805549999999996 0.155 0.038884999999999996
