2 0.39124999999999993 0.09999999999999981 0.08125 0.09555499999999999
2 0.37500000000000006 0.15110999999999986 0.09999999999999999 0.10221999999999999
2 0.46125 0.12221999999999983 0.08999999999999998 0.16222
2 0.3425 0.22444499999999978 0.06125 0.09110999999999998
2 0.4149999999999998 0.0405549999999999 0.08 0.08111
2 0.3412499999999999 0.049444999999999906 0.05499999999999999 0.09888499999999999
2 0.4199999999999998 0.2644449999999998 0.06 0.08
2 0.31374999999999986 0.3755549999999999 0.0825 0.13777999999999999
2 0.39124999999999993 0.09999999999999981 0.08125 0.09555499999999999
2 0.37500000000000006 0.15110999999999986 0.09999999999999999 0.10221999999999999
2 0.46125 0.12221999999999983 0.08999999999999998 0.16222
2 0.3425 0.22444499999999978 0.06125 0.09110999999999998
2 0.4149999999999998 0.0405549999999999 0.08 0.08111
2 0.3412499999999999 0.049444999999999906 0.05499999999999999 0.09888499999999999
2 0.4199999999999998 0.2644449999999998 0.06 0.08
2 0.31374999999999986 0.3755549999999999 0.0825 0.13777999999999999
