2 0.61 0.29333499999999985 0.03625 0.075555
2 0.5887500000000001 0.34 0.08999999999999998 0.14221999999999999
3 0.42874999999999996 0.28889 0.06 0.23778
2 0.325 0.23777999999999994 0.13374999999999998 0.233335
2 0.6712499999999999 0.504445 0.06 0.106665
2 0.6437500000000002 0.7155549999999999 0.056249999999999994 0.09555499999999999
3 0.4224999999999998 0.8622199999999997 0.07125 0.18221999999999997
3 0.665 0.9822249999999999 0.09249999999999999 0.035554999999999996
3 0.008124999999999938 0.94389 0.016249999999999997 0.11221999999999999
2 0.61 0.29333499999999985 0.03625 0.075555
2 0.5887500000000001 0.34 0.08999999999999998 0.14221999999999999
3 0.42874999999999996 0.28889 0.06 0.23778
2 0.325 0.23777999999999994 0.13374999999999998 0.233335
2 0.6712499999999999 0.504445 0.06 0.106665
2 0.6437500000000002 0.7155549999999999 0.056249999999999994 0.09555499999999999
3 0.4224999999999998 0.8622199999999997 0.07125 0.18221999999999997
3 0.665 0.9822249999999999 0.09249999999999999 0.035554999999999996
3 0.008124999999999938 0.94389 0.016249999999999997 0.11221999999999999
