3 0.0009399999999998299 0.7577799999999998 0.001875 0.23778
2 0.9646899999999997 0.6355549999999999 0.070625 0.12888999999999998
2 0.9884399999999993 0.58 0.023124999999999996 0.166665
2 0.9815599999999997 0.735555 0.036875 0.10221999999999999
2 0.9149999999999997 0.8072199999999998 0.11624999999999999 0.385555
3 0.0009399999999998299 0.7577799999999998 0.001875 0.23778
2 0.9646899999999997 0.6355549999999999 0.070625 0.12888999999999998
2 0.9884399999999993 0.58 0.023124999999999996 0.166665
2 0.9815599999999997 0.735555 0.036875 0.10221999999999999
2 0.9149999999999997 0.8072199999999998 0.11624999999999999 0.385555
