2 0.7224999999999998 0.6244449999999996 0.1575 0.264445
3 0.41249999999999953 0.5333349999999998 0.08125 0.17333500000000002
3 0.010624999999999662 0.5799999999999994 0.02125 0.17555500000000002
2 0.24999999999999967 0.4599999999999993 0.075 0.106665
2 0.2875 0.2688899999999994 0.0625 0.09999999999999999
2 0.7224999999999998 0.6244449999999996 0.1575 0.264445
3 0.41249999999999953 0.5333349999999998 0.08125 0.17333500000000002
3 0.010624999999999662 0.5799999999999994 0.02125 0.17555500000000002
2 0.24999999999999967 0.4599999999999993 0.075 0.106665
2 0.2875 0.2688899999999994 0.0625 0.09999999999999999
