2 0.4774999999999996 0.34222 0.10999999999999999 0.406665
2 0.44999999999999984 0.014445000000000013 0.10124999999999999 0.028884999999999997
2 0.4312499999999997 0.4222199999999998 0.07375 0.24
2 0.6124999999999997 0.28221999999999997 0.11624999999999999 0.18666499999999997
2 0.014059999999999628 0.8844449999999998 0.028124999999999997 0.16
2 0.4774999999999996 0.34222 0.10999999999999999 0.406665
2 0.44999999999999984 0.014445000000000013 0.10124999999999999 0.028884999999999997
2 0.4312499999999997 0.4222199999999998 0.07375 0.24
2 0.6124999999999997 0.28221999999999997 0.11624999999999999 0.18666499999999997
2 0.014059999999999628 0.8844449999999998 0.028124999999999997 0.16
