2 0.4262499999999997 0.5133349999999998 0.0375 0.06
2 0.4024999999999995 0.04888999999999977 0.05125 0.09555499999999999
2 0.42874999999999996 0.16221999999999986 0.07125 0.12222
2 0.40749999999999953 0.506665 0.016249999999999997 0.12222
2 0.46499999999999986 0.484445 0.06374999999999999 0.051109999999999996
2 0.4262499999999997 0.5133349999999998 0.0375 0.06
2 0.4024999999999995 0.04888999999999977 0.05125 0.09555499999999999
2 0.42874999999999996 0.16221999999999986 0.07125 0.12222
2 0.40749999999999953 0.506665 0.016249999999999997 0.12222
2 0.46499999999999986 0.484445 0.06374999999999999 0.051109999999999996
