2 0.6137499999999996 0.13333499999999998 0.105 0.12
1 0.7274999999999998 0.12221999999999997 0.03875 0.08222
2 0.6837499999999996 0.23555499999999993 0.1575 0.126665
2 0.6774999999999998 0.08277999999999994 0.12 0.165555
2 0.5487499999999995 0.34 0.10749999999999998 0.395555
2 0.6137499999999996 0.13333499999999998 0.105 0.12
1 0.7274999999999998 0.12221999999999997 0.03875 0.08222
2 0.6837499999999996 0.23555499999999993 0.1575 0.126665
2 0.6774999999999998 0.08277999999999994 0.12 0.165555
2 0.5487499999999995 0.34 0.10749999999999998 0.395555
