2 0.11249999999999982 0.04666499999999999 0.10625 0.09110999999999998
2 0.12999999999999956 0.40889 0.125 0.426665
2 0.1112499999999994 0.506665 0.09249999999999999 0.26221999999999995
2 0.27624999999999955 0.34889000000000003 0.11249999999999999 0.20221999999999998
1 0.8474999999999994 0.43333499999999997 0.11249999999999999 0.153335
3 0.8312499999999995 0.58 0.1525 0.204445
2 0.11249999999999982 0.04666499999999999 0.10625 0.09110999999999998
2 0.12999999999999956 0.40889 0.125 0.426665
2 0.1112499999999994 0.506665 0.09249999999999999 0.26221999999999995
2 0.27624999999999955 0.34889000000000003 0.11249999999999999 0.20221999999999998
1 0.8474999999999994 0.43333499999999997 0.11249999999999999 0.153335
3 0.8312499999999995 0.58 0.1525 0.204445
