1 0.6874999999999998 0.32889 0.05125 0.07778
1 0.5024999999999996 0.01833499999999988 0.03 0.03667
1 0.285 0.11110999999999982 0.023749999999999997 0.06222
3 0.35749999999999976 0.28444499999999984 0.05125 0.09999999999999999
2 0.06249999999999978 0.60222 0.05875 0.06888999999999999
2 0.19124999999999975 0.7200000000000001 0.07875 0.09555499999999999
2 0.47499999999999987 0.6888899999999998 0.04499999999999999 0.086665
2 0.3774999999999998 0.7133349999999999 0.10874999999999999 0.126665
2 0.22124999999999978 0.8777799999999997 0.06374999999999999 0.13333499999999998
2 0.0949999999999998 0.9627799999999997 0.0525 0.074445
1 0.6874999999999998 0.32889 0.05125 0.07778
1 0.5024999999999996 0.01833499999999988 0.03 0.03667
1 0.285 0.11110999999999982 0.023749999999999997 0.06222
3 0.35749999999999976 0.28444499999999984 0.05125 0.09999999999999999
2 0.06249999999999978 0.60222 0.05875 0.06888999999999999
2 0.19124999999999975 0.7200000000000001 0.07875 0.09555499999999999
2 0.47499999999999987 0.6888899999999998 0.04499999999999999 0.086665
2 0.3774999999999998 0.7133349999999999 0.10874999999999999 0.126665
2 0.22124999999999978 0.8777799999999997 0.06374999999999999 0.13333499999999998
2 0.0949999999999998 0.9627799999999997 0.0525 0.074445
