1 0.5574999999999997 0.2022199999999999 0.06874999999999999 0.106665
2 0.7550000000000001 0.8177799999999996 0.10749999999999998 0.106665
3 0.65 0.9244449999999999 0.06999999999999999 0.12888999999999998
3 0.51375 0.96111 0.14375 0.07778
1 0.8574999999999999 0.47999999999999987 0.08625000000000001 0.19777999999999998
1 0.47625 0.7222200000000001 0.10375 0.155555
1 0.45875 0.153335 0.05374999999999999 0.19110999999999997
1 0.5574999999999997 0.2022199999999999 0.06874999999999999 0.106665
2 0.7550000000000001 0.8177799999999996 0.10749999999999998 0.106665
3 0.65 0.9244449999999999 0.06999999999999999 0.12888999999999998
3 0.51375 0.96111 0.14375 0.07778
1 0.8574999999999999 0.47999999999999987 0.08625000000000001 0.19777999999999998
1 0.47625 0.7222200000000001 0.10375 0.155555
1 0.45875 0.153335 0.05374999999999999 0.19110999999999997
