2 0.970625 0.011665000000000009 0.05875 0.023334999999999998
2 0.6487499999999998 0.515555 0.0775 0.155555
2 0.3637499999999999 0.3733349999999999 0.09874999999999999 0.126665
1 0.8962499999999998 0.68 0.1025 0.09333499999999999
2 0.5787499999999998 0.820555 0.24 0.35888999999999993
2 0.970625 0.011665000000000009 0.05875 0.023334999999999998
2 0.6487499999999998 0.515555 0.0775 0.155555
2 0.3637499999999999 0.3733349999999999 0.09874999999999999 0.126665
1 0.8962499999999998 0.68 0.1025 0.09333499999999999
2 0.5787499999999998 0.820555 0.24 0.35888999999999993
