2 0.7650000000000001 0.30889 0.04499999999999999 0.075555
2 0.77625 0.42666499999999996 0.06125 0.09777999999999999
2 0.8149999999999996 0.7422200000000001 0.06624999999999999 0.053334999999999994
2 0.7737499999999997 0.773335 0.03125 0.053334999999999994
2 0.7600000000000001 0.7666649999999997 0.02 0.11333499999999999
2 0.7650000000000001 0.30889 0.04499999999999999 0.075555
2 0.77625 0.42666499999999996 0.06125 0.09777999999999999
2 0.8149999999999996 0.7422200000000001 0.06624999999999999 0.053334999999999994
2 0.7737499999999997 0.773335 0.03125 0.053334999999999994
2 0.7600000000000001 0.7666649999999997 0.02 0.11333499999999999
