1 0.18249999999999988 0.7066649999999997 0.06374999999999999 0.106665
2 0.11374999999999996 0.7444449999999997 0.1025 0.155555
2 0.3662499999999999 0.3666649999999999 0.07875 0.13777999999999999
2 0.2825 0.22444499999999978 0.15375 0.235555
2 0.48875 0.3466649999999999 0.06999999999999999 0.13333499999999998
2 0.46125 0.45777999999999985 0.11374999999999999 0.17333500000000002
2 0.615 0.22666499999999978 0.05499999999999999 0.106665
2 0.9475 0.6311099999999997 0.06999999999999999 0.14889
1 0.18249999999999988 0.7066649999999997 0.06374999999999999 0.106665
2 0.11374999999999996 0.7444449999999997 0.1025 0.155555
2 0.3662499999999999 0.3666649999999999 0.07875 0.13777999999999999
2 0.2825 0.22444499999999978 0.15375 0.235555
2 0.48875 0.3466649999999999 0.06999999999999999 0.13333499999999998
2 0.46125 0.45777999999999985 0.11374999999999999 0.17333500000000002
2 0.615 0.22666499999999978 0.05499999999999999 0.106665
2 0.9475 0.6311099999999997 0.06999999999999999 0.14889
