2 0.02250000000000002 0.9622199999999997 0.04499999999999999 0.075555
2 0.10374999999999995 0.020554999999999324 0.06874999999999999 0.04111
2 0.3287499999999999 0.24221999999999966 0.06499999999999999 0.10888999999999999
2 0.40124999999999994 0.09777999999999953 0.11124999999999999 0.19555499999999998
2 0.4849999999999999 0.11777999999999955 0.06374999999999999 0.073335
2 0.5462499999999998 0.3355549999999996 0.047499999999999994 0.08888999999999998
2 0.5612499999999998 0.4822199999999993 0.05125 0.075555
2 0.6 0.25555499999999953 0.06374999999999999 0.12222
1 0.685 0.29555499999999957 0.0525 0.08888999999999998
2 0.6087500000000001 0.4599999999999993 0.047499999999999994 0.08222
3 0.7137499999999997 0.7399999999999995 0.05875 0.106665
3 0.8387499999999998 0.1799999999999996 0.0825 0.08222
2 0.8599999999999997 0.6444449999999996 0.11875 0.30444499999999997
2 0.02250000000000002 0.9622199999999997 0.04499999999999999 0.075555
2 0.10374999999999995 0.020554999999999324 0.06874999999999999 0.04111
2 0.3287499999999999 0.24221999999999966 0.06499999999999999 0.10888999999999999
2 0.40124999999999994 0.09777999999999953 0.11124999999999999 0.19555499999999998
2 0.4849999999999999 0.11777999999999955 0.06374999999999999 0.073335
2 0.5462499999999998 0.3355549999999996 0.047499999999999994 0.08888999999999998
2 0.5612499999999998 0.4822199999999993 0.05125 0.075555
2 0.6 0.25555499999999953 0.06374999999999999 0.12222
1 0.685 0.29555499999999957 0.0525 0.08888999999999998
2 0.6087500000000001 0.4599999999999993 0.047499999999999994 0.08222
3 0.7137499999999997 0.7399999999999995 0.05875 0.106665
3 0.8387499999999998 0.1799999999999996 0.0825 0.08222
2 0.8599999999999997 0.6444449999999996 0.11875 0.30444499999999997
