2 0.6162499999999993 0.02222 0.057499999999999996 0.04222
2 0.3974999999999995 0.8777799999999999 0.11249999999999999 0.206665
3 0.5224999999999996 0.37777999999999995 0.08874999999999998 0.19999999999999998
3 0.3887499999999994 0.42888999999999994 0.075 0.22221999999999997
2 0.9649999999999997 0.5622199999999999 0.06374999999999999 0.10221999999999999
2 0.8124999999999993 0.635555 0.10124999999999999 0.233335
3 0.8837499999999998 0.83778 0.13374999999999998 0.18221999999999997
2 0.6162499999999993 0.02222 0.057499999999999996 0.04222
2 0.3974999999999995 0.8777799999999999 0.11249999999999999 0.206665
3 0.5224999999999996 0.37777999999999995 0.08874999999999998 0.19999999999999998
3 0.3887499999999994 0.42888999999999994 0.075 0.22221999999999997
2 0.9649999999999997 0.5622199999999999 0.06374999999999999 0.10221999999999999
2 0.8124999999999993 0.635555 0.10124999999999999 0.233335
3 0.8837499999999998 0.83778 0.13374999999999998 0.18221999999999997
