2 0.10374999999999995 0.43999999999999984 0.049999999999999996 0.07110999999999999
1 0.7000000000000001 0.466665 0.04125 0.06222
1 0.7337499999999997 0.4177799999999998 0.06999999999999999 0.09777999999999999
1 0.5524999999999997 0.8199999999999998 0.03 0.104445
1 0.24249999999999994 0.8555550000000001 0.028749999999999998 0.09333499999999999
2 0.10374999999999995 0.43999999999999984 0.049999999999999996 0.07110999999999999
1 0.7000000000000001 0.466665 0.04125 0.06222
1 0.7337499999999997 0.4177799999999998 0.06999999999999999 0.09777999999999999
1 0.5524999999999997 0.8199999999999998 0.03 0.104445
1 0.24249999999999994 0.8555550000000001 0.028749999999999998 0.09333499999999999
