2 0.6512499999999993 0.17555500000000002 0.06499999999999999 0.10221999999999999
3 0.2649999999999997 0.504445 0.07625 0.26888999999999996
2 0.3137499999999993 0.61778 0.08999999999999998 0.206665
2 0.32999999999999974 0.32666499999999987 0.03875 0.09999999999999999
3 0.7062499999999994 0.7666649999999997 0.09749999999999999 0.18666499999999997
2 0.6512499999999993 0.17555500000000002 0.06499999999999999 0.10221999999999999
3 0.2649999999999997 0.504445 0.07625 0.26888999999999996
2 0.3137499999999993 0.61778 0.08999999999999998 0.206665
2 0.32999999999999974 0.32666499999999987 0.03875 0.09999999999999999
3 0.7062499999999994 0.7666649999999997 0.09749999999999999 0.18666499999999997
