2 0.3062499999999996 0.735555 0.08125 0.126665
1 0.7962499999999995 0.63778 0.08874999999999998 0.11555499999999999
3 0.6587499999999996 0.8599999999999997 0.13374999999999998 0.11778
3 0.40124999999999966 0.8577799999999997 0.12625 0.09555499999999999
2 0.13499999999999956 0.9466649999999999 0.03875 0.106665
2 0.3062499999999996 0.735555 0.08125 0.126665
1 0.7962499999999995 0.63778 0.08874999999999998 0.11555499999999999
3 0.6587499999999996 0.8599999999999997 0.13374999999999998 0.11778
3 0.40124999999999966 0.8577799999999997 0.12625 0.09555499999999999
2 0.13499999999999956 0.9466649999999999 0.03875 0.106665
