2 0.02250000000000002 0.011114999999999875 0.04499999999999999 0.022224999999999998
2 0.03030999999999978 0.9522199999999997 0.060625 0.09555499999999999
2 0.09999999999999981 0.9277799999999997 0.09749999999999999 0.14443999999999999
2 0.30874999999999986 0.45110999999999957 0.05125 0.13333499999999998
2 0.08374999999999994 0.4688899999999996 0.047499999999999994 0.164445
2 0.02250000000000002 0.011114999999999875 0.04499999999999999 0.022224999999999998
2 0.03030999999999978 0.9522199999999997 0.060625 0.09555499999999999
2 0.09999999999999981 0.9277799999999997 0.09749999999999999 0.14443999999999999
2 0.30874999999999986 0.45110999999999957 0.05125 0.13333499999999998
2 0.08374999999999994 0.4688899999999996 0.047499999999999994 0.164445
