2 0.0437499999999999 0.3755549999999999 0.024999999999999998 0.104445
2 0.46499999999999986 0.13555499999999998 0.06 0.11110999999999999
2 0.3387499999999999 0.2533349999999998 0.12 0.21777999999999997
1 0.07999999999999993 0.65778 0.07875 0.11333499999999999
3 0.73125 0.25777999999999995 0.11624999999999999 0.17111
3 0.57 0.93611 0.048749999999999995 0.12777999999999998
2 0.8474999999999999 0.6666649999999996 0.047499999999999994 0.07778
2 0.81375 0.833335 0.06874999999999999 0.086665
3 0.9537499999999999 0.8866649999999998 0.08375 0.13999999999999999
2 0.0437499999999999 0.3755549999999999 0.024999999999999998 0.104445
2 0.46499999999999986 0.13555499999999998 0.06 0.11110999999999999
2 0.3387499999999999 0.2533349999999998 0.12 0.21777999999999997
1 0.07999999999999993 0.65778 0.07875 0.11333499999999999
3 0.73125 0.25777999999999995 0.11624999999999999 0.17111
3 0.57 0.93611 0.048749999999999995 0.12777999999999998
2 0.8474999999999999 0.6666649999999996 0.047499999999999994 0.07778
2 0.81375 0.833335 0.06874999999999999 0.086665
3 0.9537499999999999 0.8866649999999998 0.08375 0.13999999999999999
