2 0.8612499999999995 0.8949999999999997 0.10124999999999999 0.21
2 0.4549999999999993 0.6711099999999998 0.05499999999999999 0.10888999999999999
2 0.5037499999999995 0.4155549999999997 0.11499999999999999 0.20221999999999998
3 0.6299999999999994 0.02110999999999974 0.075 0.04222
2 0.8824999999999994 0.13555499999999943 0.09249999999999999 0.20221999999999998
3 0.9421899999999994 0.32221999999999973 0.11562499999999999 0.166665
2 0.9971899999999995 0.07110999999999978 0.005624999999999999 0.09777999999999999
2 0.26124999999999954 0.7911099999999993 0.08750000000000001 0.144445
2 0.8612499999999995 0.8949999999999997 0.10124999999999999 0.21
2 0.4549999999999993 0.6711099999999998 0.05499999999999999 0.10888999999999999
2 0.5037499999999995 0.4155549999999997 0.11499999999999999 0.20221999999999998
3 0.6299999999999994 0.02110999999999974 0.075 0.04222
2 0.8824999999999994 0.13555499999999943 0.09249999999999999 0.20221999999999998
3 0.9421899999999994 0.32221999999999973 0.11562499999999999 0.166665
2 0.9971899999999995 0.07110999999999978 0.005624999999999999 0.09777999999999999
2 0.26124999999999954 0.7911099999999993 0.08750000000000001 0.144445
