2 0.6012499999999993 0.8733349999999995 0.11124999999999999 0.18221999999999997
1 0.3612499999999996 0.8399999999999996 0.08625000000000001 0.126665
1 0.7274999999999998 0.1244449999999997 0.09624999999999999 0.08
2 0.20874999999999977 0.68 0.07875 0.17555500000000002
3 0.9587499999999993 0.04110999999999976 0.06749999999999999 0.08222
2 0.6012499999999993 0.8733349999999995 0.11124999999999999 0.18221999999999997
1 0.3612499999999996 0.8399999999999996 0.08625000000000001 0.126665
1 0.7274999999999998 0.1244449999999997 0.09624999999999999 0.08
2 0.20874999999999977 0.68 0.07875 0.17555500000000002
3 0.9587499999999993 0.04110999999999976 0.06749999999999999 0.08222
