3 0.36749999999999977 0.473335 0.07625 0.26221999999999995
2 0.36499999999999977 0.62222 0.10999999999999999 0.18221999999999997
2 0.43499999999999983 0.30889 0.03625 0.11110999999999999
1 0.21874999999999978 0.473335 0.08375 0.104445
1 0.22249999999999992 0.8266649999999998 0.06125 0.16222
3 0.21749999999999992 0.9533350000000002 0.14375 0.09332999999999998
3 0.36749999999999977 0.473335 0.07625 0.26221999999999995
2 0.36499999999999977 0.62222 0.10999999999999999 0.18221999999999997
2 0.43499999999999983 0.30889 0.03625 0.11110999999999999
1 0.21874999999999978 0.473335 0.08375 0.104445
1 0.22249999999999992 0.8266649999999998 0.06125 0.16222
3 0.21749999999999992 0.9533350000000002 0.14375 0.09332999999999998
