2 0.5149999999999999 0.16889 0.11499999999999999 0.17111
2 0.4199999999999998 0.09333499999999995 0.1025 0.17111
3 0.30124999999999985 0.4177799999999998 0.17624999999999996 0.12888999999999998
2 0.43124999999999997 0.32666499999999987 0.09124999999999998 0.264445
2 0.5024999999999996 0.4022200000000001 0.07125 0.25777999999999995
2 0.8487499999999998 0.23110999999999993 0.25 0.19110999999999997
2 0.5149999999999999 0.16889 0.11499999999999999 0.17111
2 0.4199999999999998 0.09333499999999995 0.1025 0.17111
3 0.30124999999999985 0.4177799999999998 0.17624999999999996 0.12888999999999998
2 0.43124999999999997 0.32666499999999987 0.09124999999999998 0.264445
2 0.5024999999999996 0.4022200000000001 0.07125 0.25777999999999995
2 0.8487499999999998 0.23110999999999993 0.25 0.19110999999999997
