1 0.26499999999999996 0.67778 0.057499999999999996 0.18666499999999997
1 0.97969 0.495555 0.040625 0.19777999999999998
2 0.5424999999999999 0.6333349999999999 0.14875 0.09999999999999999
2 0.5924999999999999 0.8511099999999999 0.09749999999999999 0.206665
2 0.45875 0.7888899999999999 0.12874999999999998 0.286665
2 0.53125 0.9649999999999997 0.17250000000000001 0.06999999999999999
2 0.39250000000000007 0.9644449999999999 0.10375 0.07110999999999999
2 0.5274999999999999 0.8511099999999999 0.0775 0.17777999999999997
2 0.53125 0.9649999999999997 0.17250000000000001 0.06999999999999999
2 0.39250000000000007 0.9644449999999999 0.10375 0.07110999999999999
2 0.5274999999999999 0.8511099999999999 0.0775 0.17777999999999997
