2 0.004064999999999763 0.5511099999999997 0.008124999999999999 0.146665
2 0.10874999999999996 0.4222199999999998 0.06374999999999999 0.13110999999999998
2 0.005309999999999759 0.6688899999999998 0.010625 0.19333499999999998
2 0.46375 0.8266649999999998 0.07625 0.15778
2 0.6424999999999997 0.7688899999999999 0.205 0.462225
2 0.004064999999999763 0.5511099999999997 0.008124999999999999 0.146665
2 0.10874999999999996 0.4222199999999998 0.06374999999999999 0.13110999999999998
2 0.005309999999999759 0.6688899999999998 0.010625 0.19333499999999998
2 0.46375 0.8266649999999998 0.07625 0.15778
2 0.6424999999999997 0.7688899999999999 0.205 0.462225
