2 0.7287499999999997 0.6155549999999993 0.155 0.273335
2 0.2925 0.25333499999999953 0.06125 0.08888999999999998
3 0.4212499999999997 0.5177799999999994 0.07625 0.16889
3 0.26249999999999996 0.06388499999999964 0.145 0.127775
2 0.2599999999999997 0.4466649999999994 0.0725 0.09999999999999999
3 0.01468999999999998 0.5622199999999994 0.029375 0.17999999999999997
2 0.7287499999999997 0.6155549999999993 0.155 0.273335
2 0.2925 0.25333499999999953 0.06125 0.08888999999999998
3 0.4212499999999997 0.5177799999999994 0.07625 0.16889
3 0.26249999999999996 0.06388499999999964 0.145 0.127775
2 0.2599999999999997 0.4466649999999994 0.0725 0.09999999999999999
3 0.01468999999999998 0.5622199999999994 0.029375 0.17999999999999997
