2 0.6637499999999998 0.30444499999999985 0.09874999999999999 0.17333500000000002
3 0.7224999999999998 0.27110999999999996 0.0525 0.21555499999999997
3 0.6637499999999998 0.14888999999999986 0.0725 0.204445
3 0.6925 0.05277999999999977 0.05374999999999999 0.10555999999999999
3 0.8124999999999999 0.0822199999999998 0.1025 0.153335
2 0.6637499999999998 0.30444499999999985 0.09874999999999999 0.17333500000000002
3 0.7224999999999998 0.27110999999999996 0.0525 0.21555499999999997
3 0.6637499999999998 0.14888999999999986 0.0725 0.204445
3 0.6925 0.05277999999999977 0.05374999999999999 0.10555999999999999
3 0.8124999999999999 0.0822199999999998 0.1025 0.153335
