2 0.9312499999999999 0.5488899999999999 0.06874999999999999 0.08888999999999998
2 0.9049999999999999 0.4311099999999998 0.08375 0.12
2 0.986875 0.5377799999999999 0.02625 0.106665
2 0.9509399999999999 0.6755549999999999 0.09812499999999999 0.21999999999999997
2 0.8525 0.60222 0.10874999999999999 0.22221999999999997
2 0.84 0.473335 0.08750000000000001 0.09333499999999999
2 0.7737499999999999 0.1844449999999999 0.06499999999999999 0.11333499999999999
2 0.9312499999999999 0.5488899999999999 0.06874999999999999 0.08888999999999998
2 0.9049999999999999 0.4311099999999998 0.08375 0.12
2 0.986875 0.5377799999999999 0.02625 0.106665
2 0.9509399999999999 0.6755549999999999 0.09812499999999999 0.21999999999999997
2 0.8525 0.60222 0.10874999999999999 0.22221999999999997
2 0.84 0.473335 0.08750000000000001 0.09333499999999999
2 0.7737499999999999 0.1844449999999999 0.06499999999999999 0.11333499999999999
