2 0.59 0.9649999999999997 0.09874999999999999 0.06999999999999999
2 0.6512499999999999 0.9222199999999997 0.07875 0.144445
2 0.070625 0.9205550000000001 0.14125 0.15889
2 0.43624999999999997 0.8044449999999997 0.11624999999999999 0.10221999999999999
2 0.31124999999999986 0.90611 0.19874999999999998 0.18777499999999997
2 0.59 0.9649999999999997 0.09874999999999999 0.06999999999999999
2 0.6512499999999999 0.9222199999999997 0.07875 0.144445
2 0.070625 0.9205550000000001 0.14125 0.15889
2 0.43624999999999997 0.8044449999999997 0.11624999999999999 0.10221999999999999
2 0.31124999999999986 0.90611 0.19874999999999998 0.18777499999999997
