2 0.6224999999999997 0.4133349999999997 0.09749999999999999 0.16889
2 0.05624999999999991 0.03722499999999962 0.11249999999999999 0.074445
1 0.7874999999999999 0.07944499999999965 0.10999999999999999 0.15889
2 0.6024999999999997 0.06611499999999937 0.12874999999999998 0.13222499999999998
2 0.52875 0.4533349999999997 0.09874999999999999 0.15778
3 0.8549999999999996 0.9327749999999996 0.13249999999999998 0.13444499999999998
2 0.6224999999999997 0.4133349999999997 0.09749999999999999 0.16889
2 0.05624999999999991 0.03722499999999962 0.11249999999999999 0.074445
1 0.7874999999999999 0.07944499999999965 0.10999999999999999 0.15889
2 0.6024999999999997 0.06611499999999937 0.12874999999999998 0.13222499999999998
2 0.52875 0.4533349999999997 0.09874999999999999 0.15778
3 0.8549999999999996 0.9327749999999996 0.13249999999999998 0.13444499999999998
