2 0.2087499999999999 0.835555 0.1175 0.164445
3 0.21624999999999991 0.6644449999999996 0.07625 0.255555
2 0.28874999999999984 0.5133349999999998 0.043750000000000004 0.106665
1 0.05749999999999991 0.97611 0.05125 0.04777499999999999
1 0.06624999999999992 0.6755549999999999 0.08625000000000001 0.11333499999999999
2 0.2087499999999999 0.835555 0.1175 0.164445
3 0.21624999999999991 0.6644449999999996 0.07625 0.255555
2 0.28874999999999984 0.5133349999999998 0.043750000000000004 0.106665
1 0.05749999999999991 0.97611 0.05125 0.04777499999999999
1 0.06624999999999992 0.6755549999999999 0.08625000000000001 0.11333499999999999
