2 0.8687499999999998 0.6466650000000002 0.0525 0.07778
2 0.960625 0.8977799999999997 0.07875 0.204445
2 0.06624999999999992 0.4088899999999998 0.05125 0.06666499999999999
2 0.07874999999999993 0.4911099999999999 0.06749999999999999 0.11333499999999999
2 0.07624999999999993 0.0016700000000000048 0.07875 0.0033349999999999994
2 0.8687499999999998 0.6466650000000002 0.0525 0.07778
2 0.960625 0.8977799999999997 0.07875 0.204445
2 0.06624999999999992 0.4088899999999998 0.05125 0.06666499999999999
2 0.07874999999999993 0.4911099999999999 0.06749999999999999 0.11333499999999999
2 0.07624999999999993 0.0016700000000000048 0.07875 0.0033349999999999994
