3 0.9512500000000002 0.34222 0.09249999999999999 0.25777999999999995
2 0.7974999999999999 0.7488899999999998 0.08999999999999998 0.17555500000000002
2 0.8887499999999998 0.833335 0.10625 0.13555499999999998
2 0.77125 0.9322249999999999 0.13374999999999998 0.13554999999999998
2 0.019064999999999777 0.495555 0.038125 0.44888999999999996
3 0.9512500000000002 0.34222 0.09249999999999999 0.25777999999999995
2 0.7974999999999999 0.7488899999999998 0.08999999999999998 0.17555500000000002
2 0.8887499999999998 0.833335 0.10625 0.13555499999999998
2 0.77125 0.9322249999999999 0.13374999999999998 0.13554999999999998
2 0.019064999999999777 0.495555 0.038125 0.44888999999999996
