2 0.8212499999999995 0.6266649999999999 0.10124999999999999 0.233335
2 0.9715599999999996 0.5622199999999999 0.056874999999999995 0.11110999999999999
3 0.8924999999999994 0.82889 0.13999999999999999 0.19110999999999997
3 0.5362499999999998 0.384445 0.08999999999999998 0.20889
2 0.40624999999999967 0.8799999999999999 0.11499999999999999 0.21777999999999997
3 0.3949999999999998 0.41778 0.07375 0.21999999999999997
2 0.8212499999999995 0.6266649999999999 0.10124999999999999 0.233335
2 0.9715599999999996 0.5622199999999999 0.056874999999999995 0.11110999999999999
3 0.8924999999999994 0.82889 0.13999999999999999 0.19110999999999997
3 0.5362499999999998 0.384445 0.08999999999999998 0.20889
2 0.40624999999999967 0.8799999999999999 0.11499999999999999 0.21777999999999997
3 0.3949999999999998 0.41778 0.07375 0.21999999999999997
