2 0.5924999999999997 0.9816649999999993 0.08375 0.036664999999999996
2 0.5099999999999999 0.9516649999999993 0.10124999999999999 0.09666999999999999
2 0.5062499999999998 0.7888899999999993 0.10999999999999999 0.18444499999999997
2 0.5974999999999997 0.8444449999999998 0.09499999999999999 0.16
1 0.50375 0.46666499999999944 0.12874999999999998 0.13777999999999999
3 0.6574999999999998 0.3799999999999998 0.09124999999999998 0.27999999999999997
2 0.9812499999999996 0.5177799999999994 0.0375 0.22444499999999998
2 0.9103149999999999 0.9161099999999994 0.17937499999999998 0.16778
2 0.5924999999999997 0.9816649999999993 0.08375 0.036664999999999996
2 0.5099999999999999 0.9516649999999993 0.10124999999999999 0.09666999999999999
2 0.5062499999999998 0.7888899999999993 0.10999999999999999 0.18444499999999997
2 0.5974999999999997 0.8444449999999998 0.09499999999999999 0.16
1 0.50375 0.46666499999999944 0.12874999999999998 0.13777999999999999
3 0.6574999999999998 0.3799999999999998 0.09124999999999998 0.27999999999999997
2 0.9812499999999996 0.5177799999999994 0.0375 0.22444499999999998
2 0.9103149999999999 0.9161099999999994 0.17937499999999998 0.16778
