2 0.65875 0.1361099999999993 0.35874999999999996 0.27221999999999996
3 0.62625 0.8044449999999997 0.10749999999999998 0.33778
3 0.7099999999999999 0.5888899999999997 0.12 0.335555
3 0.5937499999999999 0.43110999999999955 0.06874999999999999 0.266665
3 0.8787499999999999 0.06666499999999964 0.09499999999999999 0.13332999999999998
2 0.65875 0.1361099999999993 0.35874999999999996 0.27221999999999996
3 0.62625 0.8044449999999997 0.10749999999999998 0.33778
3 0.7099999999999999 0.5888899999999997 0.12 0.335555
3 0.5937499999999999 0.43110999999999955 0.06874999999999999 0.266665
3 0.8787499999999999 0.06666499999999964 0.09499999999999999 0.13332999999999998
