2 0.47375 0.28666499999999984 0.05374999999999999 0.11333499999999999
2 0.0009399999999998299 0.8844449999999998 0.001875 0.13333499999999998
1 0.06249999999999978 0.8866649999999998 0.04624999999999999 0.106665
2 0.46375 0.5088899999999996 0.11374999999999999 0.15778
2 0.7037499999999997 0.5422199999999999 0.06999999999999999 0.11110999999999999
2 0.25999999999999995 0.9894449999999999 0.105 0.02111
2 0.47375 0.28666499999999984 0.05374999999999999 0.11333499999999999
2 0.0009399999999998299 0.8844449999999998 0.001875 0.13333499999999998
1 0.06249999999999978 0.8866649999999998 0.04624999999999999 0.106665
2 0.46375 0.5088899999999996 0.11374999999999999 0.15778
2 0.7037499999999997 0.5422199999999999 0.06999999999999999 0.11110999999999999
2 0.25999999999999995 0.9894449999999999 0.105 0.02111
