1 0.753750 0.542222 0.009750 0.028000
1 0.757250 0.624000 0.015250 0.012444
1 0.692750 0.787556 0.009750 0.028000
1 0.674000 0.817778 0.009500 0.027556
1 0.456000 0.976000 0.009250 0.028889
1 0.619750 0.948000 0.010000 0.028444
1 0.581000 0.914667 0.009750 0.028889
1 0.583750 0.868889 0.015750 0.015111
1 0.590500 0.753333 0.016000 0.013778
1 0.516000 0.799111 0.010000 0.028444
1 0.552500 0.784889 0.013750 0.024444
1 0.457250 0.770222 0.016500 0.017333
1 0.536500 0.700889 0.010750 0.026667
1 0.546250 0.701333 0.008750 0.029333
1 0.700000 0.672444 0.009000 0.028889
1 0.663750 0.593333 0.016750 0.013778
1 0.661250 0.640000 0.010250 0.029333
1 0.559750 0.668889 0.013500 0.025778
1 0.596500 0.523111 0.009250 0.028889
1 0.632750 0.509333 0.013250 0.025333
1 0.726000 0.539111 0.013750 0.025333
1 0.670250 0.477333 0.015750 0.013778
1 0.626250 0.426667 0.010000 0.028444
1 0.639750 0.393333 0.012750 0.025333
1 0.837250 0.348444 0.016250 0.014222
1 0.806500 0.263556 0.013000 0.027111
1 0.486250 0.422667 0.013000 0.024889
1 0.484750 0.444444 0.016000 0.011111
1 0.516750 0.506667 0.015750 0.013333
1 0.486500 0.604444 0.015750 0.014667
1 0.455750 0.520000 0.013750 0.025333
1 0.373500 0.635556 0.012750 0.025333
1 0.300250 0.875556 0.015000 0.021778
1 0.168750 0.870222 0.010000 0.028000
1 0.235000 0.789778 0.007250 0.028889
1 0.252500 0.707111 0.016250 0.013778
1 0.267750 0.616889 0.008750 0.028444
1 0.249000 0.594667 0.010000 0.029333
1 0.232000 0.572889 0.013000 0.024444
1 0.221000 0.622667 0.012750 0.024444
1 0.381500 0.438222 0.017000 0.017333
1 0.348000 0.341333 0.008750 0.028000
1 0.332250 0.430667 0.015500 0.014667
1 0.301000 0.346667 0.013000 0.025778
1 0.311750 0.297778 0.013500 0.024444
1 0.453750 0.360444 0.012750 0.025333
1 0.597250 0.231556 0.015750 0.013333
1 0.567250 0.328889 0.016000 0.012889
1 0.536000 0.244889 0.013750 0.024889
1 0.566000 0.146667 0.012750 0.025778
1 0.461750 0.162667 0.016750 0.016889