1 0.18425 0.07288888888888889 0.017 0.015111111111111112
2 0.081375 0.019777777777777776 0.01825 0.023555555555555555
2 0.1205 0.10777777777777778 0.043 0.08133333333333333
3 0.4415 0.6697777777777778 0.0275 0.03822222222222222
2 0.62475 0.6251111111111111 0.0125 0.028
2 0.631625 0.5375555555555556 0.01925 0.03422222222222222
2 0.615 0.592 0.0225 0.04
2 0.530375 0.5106666666666667 0.01925 0.037333333333333336
2 0.53025 0.5904444444444444 0.0385 0.05733333333333333
2 0.465125 0.836 0.03575 0.12266666666666666
