3 0.33825 0.3006666666666667 0.0165 0.020888888888888887
2 0.393125 0.21133333333333335 0.01075 0.020888888888888887
2 0.3915 0.2591111111111111 0.0235 0.032
2 0.447375 0.2853333333333333 0.00675 0.017777777777777778
2 0.442 0.26666666666666666 0.0135 0.021333333333333333
2 0.208125 0.7275555555555555 0.01325 0.025777777777777778
2 0.20275 0.6146666666666667 0.0105 0.029333333333333333
2 0.182875 0.5273333333333333 0.01075 0.020888888888888887
2 0.23 0.35488888888888886 0.016 0.01911111111111111
2 0.2395 0.31733333333333336 0.0215 0.04711111111111111
2 0.250125 0.3408888888888889 0.01225 0.013333333333333334
2 0.259625 0.31755555555555554 0.01425 0.011111111111111112
1 0.30775 0.33666666666666667 0.0095 0.01911111111111111
2 0.287125 0.33444444444444443 0.01475 0.026222222222222223
2 0.2855 0.3851111111111111 0.01 0.013777777777777778
2 0.27875 0.3566666666666667 0.011 0.016444444444444446
2 0.295 0.37666666666666665 0.011 0.017333333333333333
3 0.32275 0.42088888888888887 0.0095 0.024
2 0.347 0.38822222222222225 0.0215 0.07244444444444445
2 0.170875 0.3168888888888889 0.01325 0.024
2 0.219875 0.7268888888888889 0.02325 0.05644444444444444
