0 0.2975 0.34644444444444444 0.0075 0.011111111111111112
1 0.722375 0.5631111111111111 0.01375 0.010666666666666666
1 0.652375 0.5393333333333333 0.00875 0.018222222222222223
1 0.618375 0.6291111111111111 0.00925 0.014666666666666666
3 0.398125 0.2708888888888889 0.01675 0.012888888888888889
1 0.422 0.3071111111111111 0.0065 0.016
1 0.479 0.5062222222222222 0.009 0.011555555555555555
1 0.70975 0.9886666666666667 0.009 0.016444444444444446
3 0.59325 0.7691111111111111 0.0135 0.012
1 0.70025 0.82 0.0135 0.012444444444444444
1 0.65325 0.7704444444444445 0.0075 0.015555555555555555
