2 0.501625 0.3228888888888889 0.01925 0.028888888888888888
2 0.52025 0.41355555555555557 0.028 0.03866666666666667
2 0.824375 0.482 0.02075 0.07955555555555556
2 0.551875 0.9428888888888889 0.01225 0.02
2 0.627 0.6897777777777778 0.0205 0.035555555555555556
2 0.40825 0.46244444444444444 0.0205 0.025333333333333333
2 0.371125 0.6566666666666666 0.03625 0.06444444444444444
2 0.578875 0.7995555555555556 0.03875 0.064
2 0.76375 0.5728888888888889 0.0325 0.0791111111111111
2 0.53125 0.3253333333333333 0.0315 0.0791111111111111
2 0.243875 0.15844444444444444 0.03425 0.07866666666666666
