2 0.420625 0.2877777777777778 0.00975 0.013777777777777778
2 0.37525 0.5975555555555555 0.0145 0.03155555555555556
2 0.369875 0.4817777777777778 0.01475 0.024
2 0.33425 0.39711111111111114 0.0145 0.028888888888888888
2 0.363125 0.39844444444444443 0.01625 0.020888888888888887
1 0.4545 0.4871111111111111 0.009 0.017777777777777778
1 0.54 0.2931111111111111 0.008 0.012
1 0.546625 0.2833333333333333 0.01375 0.01911111111111111
1 0.510375 0.364 0.00575 0.020444444444444446
1 0.427 0.45466666666666666 0.0095 0.019555555555555555
1 0.4485 0.3708888888888889 0.0055 0.018222222222222223
3 0.463375 0.4246666666666667 0.00875 0.03155555555555556
2 0.415375 0.5068888888888889 0.01775 0.028
2 0.45525 0.5408888888888889 0.015 0.020444444444444446
2 0.478625 0.5188888888888888 0.01225 0.023555555555555555
2 0.5445 0.42933333333333334 0.0105 0.022222222222222223
