2 0.590125 0.18866666666666668 0.02675 0.044
2 0.520375 0.26066666666666666 0.01775 0.044
2 0.49925 0.9271111111111111 0.0385 0.05688888888888889
1 0.734125 0.7573333333333333 0.03975 0.022222222222222223
1 0.78425 0.176 0.0425 0.033777777777777775
3 0.727375 0.26022222222222224 0.04975 0.03422222222222222
3 0.826875 0.7077777777777777 0.01875 0.08755555555555555
3 0.62575 0.24066666666666667 0.0485 0.03866666666666667
3 0.373 0.4637777777777778 0.0195 0.08133333333333333
3 0.332 0.7553333333333333 0.0255 0.07155555555555555
3 0.00875 0.23 0.017 0.08844444444444445
