2 0.723125 0.0044444444444444444 0.01125 0.008
2 0.944375 0.7248888888888889 0.03125 0.052444444444444446
3 0.94225 0.8684444444444445 0.009 0.035555555555555556
2 0.631 0.9217777777777778 0.008 0.005333333333333333
1 0.800875 0.9953333333333333 0.00925 0.009333333333333334
2 0.667375 0.23666666666666666 0.01175 0.024444444444444446
2 0.679375 0.17555555555555555 0.02225 0.04088888888888889
3 0.7045 0.07533333333333334 0.0175 0.03955555555555555
3 0.677625 0.08555555555555555 0.01475 0.044
2 0.793 0.11222222222222222 0.0125 0.02
2 0.7625 0.12711111111111112 0.02 0.04622222222222222
3 0.77675 0.16733333333333333 0.0265 0.036
2 0.90725 0.46644444444444444 0.0125 0.020888888888888887
3 0.8825 0.7064444444444444 0.016 0.03422222222222222
3 0.798625 0.716 0.01075 0.034666666666666665
2 0.849875 0.6917777777777778 0.01475 0.020888888888888887
2 0.857375 0.6537777777777778 0.01225 0.019555555555555555
3 0.833 0.5595555555555556 0.027 0.034666666666666665
3 0.747875 0.3768888888888889 0.02225 0.033777777777777775
2 0.772125 0.5268888888888889 0.01525 0.026222222222222223
2 0.743375 0.5522222222222222 0.02475 0.050222222222222224
1 0.68675 0.6451111111111111 0.0155 0.026222222222222223
2 0.595375 0.5693333333333334 0.00525 0.014222222222222223
2 0.643875 0.5575555555555556 0.01325 0.02266666666666667
3 0.659375 0.45866666666666667 0.01525 0.03822222222222222
2 0.58325 0.49333333333333335 0.0215 0.027555555555555555
3 0.520875 0.352 0.03075 0.025777777777777778
2 0.4385 0.5535555555555556 0.0205 0.03866666666666667
2 0.21375 0.42933333333333334 0.021 0.037333333333333336
