2 0.032875 0.332 0.06125 0.06844444444444445
2 0.482375 0.014888888888888889 0.01025 0.018222222222222223
1 0.677875 0.12755555555555556 0.01625 0.035555555555555556
1 0.665 0.13577777777777778 0.0115 0.028888888888888888
1 0.50225 0.17133333333333334 0.0125 0.030666666666666665
3 0.36725 0.18288888888888888 0.014 0.03244444444444444
1 0.626875 0.41733333333333333 0.01575 0.036444444444444446
1 0.599375 0.21777777777777776 0.01475 0.034666666666666665
1 0.47675 0.35777777777777775 0.0085 0.028444444444444446
2 0.5 0.4688888888888889 0.0205 0.022222222222222223
2 0.498125 0.44955555555555554 0.01325 0.028888888888888888
3 0.5075 0.2682222222222222 0.01 0.04933333333333333
2 0.33275 0.31355555555555553 0.018 0.02266666666666667
2 0.3525 0.27466666666666667 0.019 0.036444444444444446
2 0.32225 0.4211111111111111 0.0225 0.043111111111111114
2 0.38275 0.4388888888888889 0.0205 0.050222222222222224
2 0.38825 0.36466666666666664 0.033 0.03688888888888889
2 0.46625 0.4533333333333333 0.0215 0.03911111111111111
2 0.452375 0.426 0.02225 0.03866666666666667
