2 0.53125 0.4271111111111111 0.0105 0.016888888888888887
2 0.139 0.27311111111111114 0.031 0.05377777777777778
1 0.43775 0.5626666666666666 0.0115 0.009777777777777778
2 0.379 0.5286666666666666 0.011 0.015555555555555555
2 0.403375 0.5842222222222222 0.02775 0.050222222222222224
3 0.35625 0.624 0.0155 0.024888888888888887
2 0.182625 0.4686666666666667 0.01425 0.024444444444444446
2 0.180625 0.48688888888888887 0.01675 0.015555555555555555
2 0.1895 0.3655555555555556 0.0135 0.026222222222222223
2 0.2165 0.3857777777777778 0.016 0.024
2 0.214625 0.4971111111111111 0.01425 0.02266666666666667
3 0.1715 0.5133333333333333 0.0125 0.020444444444444446
2 0.15975 0.5237777777777778 0.0115 0.02
