2 0.56675 0.0791111111111111 0.0275 0.05422222222222222
2 0.4955 0.15155555555555555 0.013 0.04088888888888889
2 0.653625 0.9626666666666667 0.04225 0.07466666666666667
2 0.477375 0.8422222222222222 0.04225 0.06488888888888888
1 0.55275 0.9402222222222222 0.0355 0.051111111111111114
1 0.717625 0.6691111111111111 0.03975 0.030666666666666665
1 0.7715 0.06844444444444445 0.041 0.03111111111111111
3 0.709875 0.1517777777777778 0.05125 0.03422222222222222
3 0.607125 0.1308888888888889 0.04925 0.03955555555555555
3 0.815125 0.6164444444444445 0.01975 0.09866666666666667
3 0.346375 0.35777777777777775 0.02575 0.09777777777777778
3 0.3075 0.6666666666666666 0.024 0.06844444444444445
