2 0.593 0.5197777777777778 0.023 0.023555555555555555
2 0.51025 0.3928888888888889 0.0135 0.02311111111111111
1 0.496 0.5291111111111111 0.0215 0.01911111111111111
2 0.437375 0.5684444444444444 0.04925 0.08977777777777778
3 0.3555 0.6413333333333333 0.027 0.04
2 0.164875 0.8051111111111111 0.03275 0.03244444444444444
2 0.007625 0.47044444444444444 0.01475 0.03422222222222222
3 0.02525 0.45 0.0255 0.03955555555555555
2 0.04125 0.4053333333333333 0.0305 0.025777777777777778
2 0.102125 0.3933333333333333 0.01825 0.021333333333333333
2 0.10375 0.4226666666666667 0.0295 0.03911111111111111
2 0.043 0.36933333333333335 0.023 0.041777777777777775
2 0.108125 0.22733333333333333 0.02925 0.03955555555555555
2 0.05975 0.19555555555555557 0.0235 0.04622222222222222
2 0.659375 0.28555555555555556 0.01825 0.030666666666666665
2 0.564125 0.6777777777777778 0.06025 0.06577777777777778
2 0.614 0.6962222222222222 0.0205 0.03688888888888889
2 0.63675 0.6466666666666666 0.024 0.08533333333333333
2 0.696125 0.6486666666666666 0.01775 0.03777777777777778
2 0.6715 0.9168888888888889 0.023 0.04533333333333334
2 0.665875 0.8826666666666667 0.01375 0.03288888888888889
2 0.713 0.8411111111111111 0.013 0.035111111111111114
