2 0.764375 0.6986666666666667 0.02225 0.05688888888888889
2 0.664875 0.576 0.05275 0.12533333333333332
2 0.680875 0.37066666666666664 0.02725 0.049777777777777775
2 0.686 0.32622222222222225 0.0195 0.03288888888888889
2 0.703375 0.33955555555555555 0.02075 0.029333333333333333
3 0.714125 0.24733333333333332 0.01575 0.04666666666666667
2 0.922625 0.22644444444444445 0.02075 0.023555555555555555
1 0.9455 0.22444444444444445 0.0075 0.016
2 0.936625 0.24711111111111111 0.03125 0.024888888888888887
2 0.935375 0.21555555555555556 0.02375 0.034666666666666665
2 0.909625 0.2677777777777778 0.02125 0.07866666666666666
2 0.933875 0.7744444444444445 0.02175 0.03688888888888889
2 0.4435 0.3997777777777778 0.0265 0.043111111111111114
2 0.5065 0.4048888888888889 0.0155 0.03111111111111111
2 0.475875 0.3353333333333333 0.04975 0.09111111111111111
2 0.343875 0.2733333333333333 0.02975 0.041777777777777775
2 0.30075 0.6944444444444444 0.0235 0.04133333333333333
2 0.3215 0.9073333333333333 0.019 0.06533333333333333
