2 0.146125 0.9493333333333334 0.03425 0.033777777777777775
2 0.49275 0.5306666666666666 0.0145 0.02311111111111111
2 0.364625 0.09311111111111112 0.01975 0.04044444444444444
2 0.6795 0.7871111111111111 0.019 0.037333333333333336
2 0.6425 0.42155555555555557 0.018 0.03155555555555556
2 0.695375 0.9851111111111112 0.01375 0.028888888888888888
2 0.618875 0.7891111111111111 0.02225 0.08755555555555555
2 0.59725 0.8393333333333334 0.0205 0.03777777777777778
1 0.4795 0.6675555555555556 0.0205 0.020444444444444446
2 0.43125 0.6373333333333333 0.015 0.029333333333333333
2 0.37575 0.6104444444444445 0.0185 0.028888888888888888
2 0.41825 0.7104444444444444 0.049 0.09377777777777778
2 0.0395 0.3288888888888889 0.0235 0.044444444444444446
2 0.022875 0.5108888888888888 0.02275 0.042222222222222223
2 0.02025 0.5457777777777778 0.031 0.028444444444444446
2 0.087875 0.3655555555555556 0.03025 0.04666666666666667
2 0.08425 0.5597777777777778 0.0255 0.03777777777777778
3 0.008375 0.5946666666666667 0.01625 0.04711111111111111
