2 0.39475 0.51 0.0135 0.028888888888888888
2 0.368875 0.5168888888888888 0.01625 0.030222222222222223
2 0.350875 0.486 0.02975 0.04666666666666667
2 0.343625 0.4066666666666667 0.01925 0.030222222222222223
2 0.36275 0.40355555555555556 0.019 0.032
1 0.377625 0.37244444444444447 0.02125 0.017777777777777778
2 0.42175 0.48444444444444446 0.0125 0.025777777777777778
2 0.38925 0.5337777777777778 0.0255 0.03822222222222222
1 0.331375 0.5891111111111111 0.01275 0.020888888888888887
2 0.27775 0.526 0.018 0.025333333333333333
2 0.31725 0.5968888888888889 0.022 0.03288888888888889
2 0.73975 0.6164444444444445 0.0195 0.03288888888888889
2 0.727375 0.6373333333333333 0.01975 0.034666666666666665
2 0.49275 0.5653333333333334 0.015 0.03111111111111111
2 0.528375 0.5566666666666666 0.04075 0.09822222222222222
2 0.607625 0.6288888888888889 0.04225 0.051555555555555556
2 0.666375 0.6388888888888888 0.04225 0.08311111111111111
2 0.689875 0.5888888888888889 0.02525 0.024888888888888887
2 0.685625 0.6602222222222223 0.02525 0.03244444444444444
3 0.854 0.5857777777777777 0.015 0.049777777777777775
