2 0.50125 0.2682222222222222 0.006 0.011111111111111112
0 0.586375 0.246 0.00875 0.011111111111111112
1 0.561625 0.532 0.00775 0.022222222222222223
1 0.55725 0.4093333333333333 0.008 0.017777777777777778
2 0.482875 0.5275555555555556 0.00975 0.013333333333333334
2 0.48325 0.5353333333333333 0.0115 0.014666666666666666
2 0.38475 0.4862222222222222 0.0145 0.019555555555555555
2 0.325 0.35288888888888886 0.0085 0.018666666666666668
2 0.41 0.39066666666666666 0.015 0.022222222222222223
2 0.394875 0.41155555555555556 0.01225 0.013333333333333334
2 0.464125 0.5213333333333333 0.00975 0.024
1 0.5035 0.364 0.0075 0.017777777777777778
3 0.500625 0.42044444444444445 0.00525 0.029333333333333333
2 0.45775 0.502 0.0135 0.023555555555555555
2 0.44075 0.45155555555555554 0.0125 0.02311111111111111
3 0.422125 0.3433333333333333 0.00775 0.02
