3 0.877000 0.100444 0.021000 0.033333
3 0.636750 0.735556 0.031250 0.023111
2 0.569750 0.635111 0.024750 0.038222
3 0.559500 0.594667 0.025500 0.027111
1 0.543000 0.616889 0.009500 0.028889
1 0.562000 0.574222 0.019500 0.020000
1 0.728750 0.369778 0.008500 0.029778
2 0.642750 0.288889 0.014750 0.019556
3 0.611250 0.256889 0.022000 0.021778
2 0.525250 0.420000 0.007750 0.019111
2 0.521500 0.474222 0.017250 0.039556
3 0.512500 0.452889 0.014250 0.050667
2 0.332750 0.460889 0.019750 0.034667
3 0.344500 0.454222 0.010500 0.043111
3 0.332750 0.429778 0.014500 0.040889
3 0.338500 0.402667 0.010750 0.036889
3 0.362500 0.416444 0.020500 0.030667