2 0.042500 0.628889 0.036500 0.047556
2 0.266000 0.466222 0.018000 0.060444
2 0.338250 0.624000 0.020000 0.036889
2 0.233750 0.627111 0.048000 0.114667
2 0.620500 0.990667 0.018000 0.019111
2 0.403750 0.942222 0.059000 0.115556
2 0.425250 0.660889 0.019750 0.031556
2 0.453250 0.662222 0.022250 0.032889
2 0.547750 0.546667 0.017000 0.048444
2 0.552250 0.528889 0.029000 0.077778
2 0.582750 0.513333 0.022750 0.039556
1 0.708500 0.516444 0.024500 0.033778
3 0.704500 0.548444 0.033750 0.047556
2 0.547250 0.791556 0.033500 0.038667
2 0.594500 0.766222 0.027500 0.049333
2 0.690250 0.673333 0.035250 0.027556
2 0.728750 0.847111 0.021250 0.033778