2 0.162750 0.956889 0.017750 0.067111
2 0.151250 0.734222 0.027250 0.042667
2 0.642250 0.803111 0.015000 0.029778
2 0.812500 0.816889 0.025250 0.036889
3 0.590250 0.268444 0.018500 0.051556
2 0.559500 0.349778 0.018000 0.035111
2 0.577750 0.366667 0.021250 0.027111
2 0.554250 0.399556 0.026750 0.053333
2 0.380250 0.299111 0.054750 0.089778
2 0.195500 0.295556 0.033250 0.042222
2 0.804000 0.257333 0.024500 0.046667
2 0.817750 0.266667 0.030500 0.027111
2 0.819250 0.236444 0.024750 0.034222
2 0.795750 0.288444 0.018500 0.075556
2 0.636000 0.738222 0.025000 0.064000
2 0.530750 0.609778 0.056000 0.128000
2 0.406750 0.157778 0.019000 0.059556