2 0.3412499999999996 0.7155549999999994 0.1575 0.30222
2 0.2749999999999997 0.6599999999999995 0.057499999999999996 0.104445
3 0.4362499999999997 0.7377799999999995 0.07625 0.16889
2 0.7374999999999998 0.8399999999999996 0.15875 0.26888999999999996
2 0.31374999999999986 0.4777799999999993 0.05875 0.09333499999999999
2 0.3787499999999999 0.9105549999999996 0.13249999999999998 0.17888999999999997
3 0.02281499999999992 0.7888899999999993 0.04562499999999999 0.17555500000000002
2 0.3412499999999996 0.7155549999999994 0.1575 0.30222
2 0.2749999999999997 0.6599999999999995 0.057499999999999996 0.104445
3 0.4362499999999997 0.7377799999999995 0.07625 0.16889
2 0.7374999999999998 0.8399999999999996 0.15875 0.26888999999999996
2 0.31374999999999986 0.4777799999999993 0.05875 0.09333499999999999
2 0.3787499999999999 0.9105549999999996 0.13249999999999998 0.17888999999999997
3 0.02281499999999992 0.7888899999999993 0.04562499999999999 0.17555500000000002
