2 0.027814999999999368 0.0416699999999999 0.055624999999999994 0.083335
1 0.22249999999999936 0.5222199999999999 0.085 0.09999999999999999
1 0.18749999999999933 0.44888999999999984 0.085 0.09555499999999999
1 0.11499999999999955 0.68222 0.05499999999999999 0.153335
3 0.20124999999999948 0.5622199999999999 0.13249999999999998 0.13999999999999999
3 0.01812499999999939 0.5755549999999998 0.03625 0.19333499999999998
3 0.3949999999999998 0.12444499999999997 0.09999999999999999 0.19777999999999998
2 0.2599999999999997 0.7577799999999998 0.11624999999999999 0.18444499999999997
2 0.027814999999999368 0.0416699999999999 0.055624999999999994 0.083335
1 0.22249999999999936 0.5222199999999999 0.085 0.09999999999999999
1 0.18749999999999933 0.44888999999999984 0.085 0.09555499999999999
1 0.11499999999999955 0.68222 0.05499999999999999 0.153335
3 0.20124999999999948 0.5622199999999999 0.13249999999999998 0.13999999999999999
3 0.01812499999999939 0.5755549999999998 0.03625 0.19333499999999998
3 0.3949999999999998 0.12444499999999997 0.09999999999999999 0.19777999999999998
2 0.2599999999999997 0.7577799999999998 0.11624999999999999 0.18444499999999997
