2 0.33 0.59778 0.08625000000000001 0.164445
2 0.0474999999999999 0.44888999999999957 0.09374999999999999 0.16889
2 0.2537499999999998 0.8616649999999998 0.22749999999999998 0.27666999999999997
2 0.6637499999999998 0.05110999999999977 0.0725 0.102225
1 0.575 0.7577799999999996 0.105 0.13110999999999998
2 0.33 0.59778 0.08625000000000001 0.164445
2 0.0474999999999999 0.44888999999999957 0.09374999999999999 0.16889
2 0.2537499999999998 0.8616649999999998 0.22749999999999998 0.27666999999999997
2 0.6637499999999998 0.05110999999999977 0.0725 0.102225
1 0.575 0.7577799999999996 0.105 0.13110999999999998
