3 0.3874999999999998 0.028334999999999333 0.07625 0.05666499999999999
1 0.8224999999999999 0.3266649999999993 0.05374999999999999 0.06222
1 0.35999999999999976 0.5066649999999995 0.034999999999999996 0.086665
1 0.4949999999999999 0.7066649999999997 0.04125 0.086665
1 0.21749999999999992 0.5066649999999995 0.03875 0.11555499999999999
1 0.12124999999999997 0.7622199999999996 0.047499999999999994 0.04222
1 0.06499999999999978 0.7599999999999996 0.06624999999999999 0.10888999999999999
3 0.3874999999999998 0.028334999999999333 0.07625 0.05666499999999999
1 0.8224999999999999 0.3266649999999993 0.05374999999999999 0.06222
1 0.35999999999999976 0.5066649999999995 0.034999999999999996 0.086665
1 0.4949999999999999 0.7066649999999997 0.04125 0.086665
1 0.21749999999999992 0.5066649999999995 0.03875 0.11555499999999999
1 0.12124999999999997 0.7622199999999996 0.047499999999999994 0.04222
1 0.06499999999999978 0.7599999999999996 0.06624999999999999 0.10888999999999999
