2 0.6862499999999999 0.9666649999999999 0.075 0.06667
2 0.8324999999999999 0.795555 0.07125 0.08888999999999998
2 0.7387499999999999 0.7977800000000002 0.10874999999999999 0.22444499999999998
2 0.9249999999999999 0.9672249999999999 0.05125 0.06555499999999999
2 0.40624999999999994 0.815555 0.06999999999999999 0.12888999999999998
2 0.96531 0.8844449999999998 0.06937499999999999 0.13333499999999998
2 0.6862499999999999 0.9666649999999999 0.075 0.06667
2 0.8324999999999999 0.795555 0.07125 0.08888999999999998
2 0.7387499999999999 0.7977800000000002 0.10874999999999999 0.22444499999999998
2 0.9249999999999999 0.9672249999999999 0.05125 0.06555499999999999
2 0.40624999999999994 0.815555 0.06999999999999999 0.12888999999999998
2 0.96531 0.8844449999999998 0.06937499999999999 0.13333499999999998
