2 0.20625 0.9805549999999998 0.15375 0.03889
2 0.51125 0.95611 0.09249999999999999 0.08777999999999998
2 0.21499999999999997 0.846665 0.11624999999999999 0.21111
2 0.54125 0.13777999999999999 0.1475 0.19999999999999998
2 0.29874999999999996 0.047224999999999906 0.11875 0.09444999999999999
2 0.20625 0.9805549999999998 0.15375 0.03889
2 0.51125 0.95611 0.09249999999999999 0.08777999999999998
2 0.21499999999999997 0.846665 0.11624999999999999 0.21111
2 0.54125 0.13777999999999999 0.1475 0.19999999999999998
2 0.29874999999999996 0.047224999999999906 0.11875 0.09444999999999999
