3 0.9859399999999999 0.14889 0.028124999999999997 0.15111
2 0.9768749999999999 0.9022199999999999 0.04624999999999999 0.19555999999999998
3 0.625 0.5111099999999998 0.0775 0.18221999999999997
2 0.565 0.9444449999999999 0.06374999999999999 0.09555499999999999
2 0.45875 0.98889 0.027499999999999997 0.022224999999999998
3 0.9859399999999999 0.14889 0.028124999999999997 0.15111
2 0.9768749999999999 0.9022199999999999 0.04624999999999999 0.19555999999999998
3 0.625 0.5111099999999998 0.0775 0.18221999999999997
2 0.565 0.9444449999999999 0.06374999999999999 0.09555499999999999
2 0.45875 0.98889 0.027499999999999997 0.022224999999999998
