3 0.0034399999999995545 0.29111 0.006874999999999999 0.24
3 0.20124999999999948 0.007780000000000009 0.13999999999999999 0.015555
1 0.9324999999999994 0.7022200000000001 0.06 0.155555
3 0.6974999999999998 0.4022199999999998 0.125 0.07778
2 0.4387499999999994 0.025000000000000022 0.09624999999999999 0.049999999999999996
3 0.3974999999999995 0.9772199999999998 0.06374999999999999 0.045559999999999996
3 0.0034399999999995545 0.29111 0.006874999999999999 0.24
3 0.20124999999999948 0.007780000000000009 0.13999999999999999 0.015555
1 0.9324999999999994 0.7022200000000001 0.06 0.155555
3 0.6974999999999998 0.4022199999999998 0.125 0.07778
2 0.4387499999999994 0.025000000000000022 0.09624999999999999 0.049999999999999996
3 0.3974999999999995 0.9772199999999998 0.06374999999999999 0.045559999999999996
