2 0.8662500000000001 0.8466649999999998 0.12125 0.23110999999999998
2 0.78875 0.48221999999999987 0.16875 0.19555499999999998
2 0.5762499999999998 0.96111 0.1175 0.07778
2 0.49875 0.2466649999999998 0.11124999999999999 0.15778
2 0.27874999999999983 0.97889 0.15125 0.04222499999999999
2 0.8662500000000001 0.8466649999999998 0.12125 0.23110999999999998
2 0.78875 0.48221999999999987 0.16875 0.19555499999999998
2 0.5762499999999998 0.96111 0.1175 0.07778
2 0.49875 0.2466649999999998 0.11124999999999999 0.15778
2 0.27874999999999983 0.97889 0.15125 0.04222499999999999
