2 0.7374999999999998 0.833335 0.09124999999999998 0.17555500000000002
2 0.7900000000000001 0.67111 0.09999999999999999 0.13999999999999999
2 0.8249999999999996 0.77111 0.1225 0.19110999999999997
2 0.6762499999999999 0.84222 0.09249999999999999 0.20221999999999998
2 0.3312499999999999 0.8622199999999999 0.08 0.19555499999999998
2 0.7374999999999998 0.833335 0.09124999999999998 0.17555500000000002
2 0.7900000000000001 0.67111 0.09999999999999999 0.13999999999999999
2 0.8249999999999996 0.77111 0.1225 0.19110999999999997
2 0.6762499999999999 0.84222 0.09249999999999999 0.20221999999999998
2 0.3312499999999999 0.8622199999999999 0.08 0.19555499999999998
