2 0.03187499999999996 0.65778 0.06374999999999999 0.19110999999999997
2 0.0462499999999999 0.8316699999999999 0.09249999999999999 0.336665
2 0.10124999999999995 0.47777999999999987 0.13124999999999998 0.21999999999999997
2 0.45499999999999985 0.7422200000000001 0.0825 0.21333499999999997
2 0.2975 0.9249999999999997 0.11499999999999999 0.150005
2 0.03187499999999996 0.65778 0.06374999999999999 0.19110999999999997
2 0.0462499999999999 0.8316699999999999 0.09249999999999999 0.336665
2 0.10124999999999995 0.47777999999999987 0.13124999999999998 0.21999999999999997
2 0.45499999999999985 0.7422200000000001 0.0825 0.21333499999999997
2 0.2975 0.9249999999999997 0.11499999999999999 0.150005
