2 0.6862499999999999 0.01333499999999932 0.075 0.026664999999999998
2 0.9249999999999999 0.012779999999999458 0.05125 0.025554999999999998
2 0.955 0.1266649999999997 0.05125 0.06666499999999999
2 0.45749999999999985 0.8355549999999995 0.05875 0.106665
2 0.9875 0.08221999999999952 0.024999999999999998 0.10221999999999999
2 0.6862499999999999 0.01333499999999932 0.075 0.026664999999999998
2 0.9249999999999999 0.012779999999999458 0.05125 0.025554999999999998
2 0.955 0.1266649999999997 0.05125 0.06666499999999999
2 0.45749999999999985 0.8355549999999995 0.05875 0.106665
2 0.9875 0.08221999999999952 0.024999999999999998 0.10221999999999999
