2 0.03656499999999993 0.5288899999999996 0.073125 0.166665
2 0.0412499999999999 0.4088899999999998 0.07125 0.12222
2 0.17125 0.3 0.05499999999999999 0.11110999999999999
2 0.5074999999999998 0.68222 0.07875 0.15111
2 0.6887499999999999 0.6444450000000002 0.19999999999999998 0.45999999999999996
2 0.970625 0.9205550000000001 0.05875 0.15889
2 0.03656499999999993 0.5288899999999996 0.073125 0.166665
2 0.0412499999999999 0.4088899999999998 0.07125 0.12222
2 0.17125 0.3 0.05499999999999999 0.11110999999999999
2 0.5074999999999998 0.68222 0.07875 0.15111
2 0.6887499999999999 0.6444450000000002 0.19999999999999998 0.45999999999999996
2 0.970625 0.9205550000000001 0.05875 0.15889
