2 0.9725 0.19555499999999976 0.05499999999999999 0.08888999999999998
2 0.9709400000000001 0.3244449999999999 0.058124999999999996 0.19999999999999998
2 0.9537499999999999 0.0911099999999998 0.06749999999999999 0.11333499999999999
2 0.8887499999999998 0.12888999999999984 0.06624999999999999 0.09777999999999999
2 0.8975 0.2555549999999998 0.10124999999999999 0.20889
2 0.9725 0.19555499999999976 0.05499999999999999 0.08888999999999998
2 0.9709400000000001 0.3244449999999999 0.058124999999999996 0.19999999999999998
2 0.9537499999999999 0.0911099999999998 0.06749999999999999 0.11333499999999999
2 0.8887499999999998 0.12888999999999984 0.06624999999999999 0.09777999999999999
2 0.8975 0.2555549999999998 0.10124999999999999 0.20889
