2 0.97219 0.5288899999999996 0.055624999999999994 0.166665
2 0.9249999999999999 0.444445 0.08 0.124445
2 0.50625 0.47777999999999987 0.08375 0.13110999999999998
2 0.84375 0.30222 0.1475 0.22888999999999998
2 0.82125 0.0027800000000000047 0.09874999999999999 0.005555
2 0.9149999999999999 0.0027800000000000047 0.08625000000000001 0.005555
1 0.75125 0.7688899999999999 0.06 0.10888999999999999
2 0.68375 0.813335 0.10874999999999999 0.16889
2 0.97219 0.5288899999999996 0.055624999999999994 0.166665
2 0.9249999999999999 0.444445 0.08 0.124445
2 0.50625 0.47777999999999987 0.08375 0.13110999999999998
2 0.84375 0.30222 0.1475 0.22888999999999998
2 0.82125 0.0027800000000000047 0.09874999999999999 0.005555
2 0.9149999999999999 0.0027800000000000047 0.08625000000000001 0.005555
1 0.75125 0.7688899999999999 0.06 0.10888999999999999
2 0.68375 0.813335 0.10874999999999999 0.16889
