2 0.85875 0.5955549999999998 0.09749999999999999 0.17555500000000002
3 0.9262499999999998 0.5688899999999997 0.05499999999999999 0.233335
3 0.8599999999999999 0.43999999999999984 0.08375 0.20889
3 0.8925 0.30222 0.05125 0.18444499999999997
3 0.9831249999999999 0.3688899999999998 0.033749999999999995 0.153335
2 0.85875 0.5955549999999998 0.09749999999999999 0.17555500000000002
3 0.9262499999999998 0.5688899999999997 0.05499999999999999 0.233335
3 0.8599999999999999 0.43999999999999984 0.08375 0.20889
3 0.8925 0.30222 0.05125 0.18444499999999997
3 0.9831249999999999 0.3688899999999998 0.033749999999999995 0.153335
