1 0.27249999999999996 0.43555499999999997 0.04624999999999999 0.09110999999999998
1 0.13499999999999984 0.27333499999999983 0.048749999999999995 0.09999999999999999
3 0.3175 0.12444499999999997 0.04499999999999999 0.16
2 0.07749999999999979 0.5355549999999998 0.08999999999999998 0.14221999999999999
2 0.27624999999999983 0.7044449999999997 0.07625 0.104445
2 0.39374999999999993 0.5955549999999998 0.0625 0.12
2 0.7224999999999998 0.146665 0.05374999999999999 0.11333499999999999
1 0.27249999999999996 0.43555499999999997 0.04624999999999999 0.09110999999999998
1 0.13499999999999984 0.27333499999999983 0.048749999999999995 0.09999999999999999
3 0.3175 0.12444499999999997 0.04499999999999999 0.16
2 0.07749999999999979 0.5355549999999998 0.08999999999999998 0.14221999999999999
2 0.27624999999999983 0.7044449999999997 0.07625 0.104445
2 0.39374999999999993 0.5955549999999998 0.0625 0.12
2 0.7224999999999998 0.146665 0.05374999999999999 0.11333499999999999
