1 0.025000000000000022 0.09333499999999995 0.032499999999999994 0.051109999999999996
2 0.00843499999999997 0.11555499999999996 0.016874999999999998 0.08888999999999998
1 0.0924999999999998 0.06888999999999978 0.03125 0.084445
2 0.05374999999999991 0.7844449999999997 0.08125 0.11778
2 0.06749999999999978 0.8999999999999997 0.05875 0.13555499999999998
2 0.00843499999999997 0.7911099999999999 0.016874999999999998 0.11333499999999999
2 0.016249999999999876 0.91111 0.032499999999999994 0.124445
2 0.04249999999999976 0.6888899999999998 0.043750000000000004 0.09333499999999999
2 0.12124999999999997 0.8755550000000001 0.048749999999999995 0.09333499999999999
1 0.6974999999999998 0.9883349999999996 0.05875 0.023334999999999998
1 0.025000000000000022 0.09333499999999995 0.032499999999999994 0.051109999999999996
2 0.00843499999999997 0.11555499999999996 0.016874999999999998 0.08888999999999998
1 0.0924999999999998 0.06888999999999978 0.03125 0.084445
2 0.05374999999999991 0.7844449999999997 0.08125 0.11778
2 0.06749999999999978 0.8999999999999997 0.05875 0.13555499999999998
2 0.00843499999999997 0.7911099999999999 0.016874999999999998 0.11333499999999999
2 0.016249999999999876 0.91111 0.032499999999999994 0.124445
2 0.04249999999999976 0.6888899999999998 0.043750000000000004 0.09333499999999999
2 0.12124999999999997 0.8755550000000001 0.048749999999999995 0.09333499999999999
1 0.6974999999999998 0.9883349999999996 0.05875 0.023334999999999998
