2 0.5049999999999993 0.44221999999999995 0.08750000000000001 0.164445
2 0.4412499999999997 0.53111 0.10749999999999998 0.19333499999999998
2 0.2687499999999998 0.32222 0.12874999999999998 0.11555499999999999
2 0.24999999999999967 0.613335 0.11124999999999999 0.164445
2 0.1524999999999993 0.5199999999999999 0.19624999999999998 0.373335
2 0.5049999999999993 0.44221999999999995 0.08750000000000001 0.164445
2 0.4412499999999997 0.53111 0.10749999999999998 0.19333499999999998
2 0.2687499999999998 0.32222 0.12874999999999998 0.11555499999999999
2 0.24999999999999967 0.613335 0.11124999999999999 0.164445
2 0.1524999999999993 0.5199999999999999 0.19624999999999998 0.373335
