2 0.033000 0.332000 0.061500 0.068889
2 0.482500 0.015111 0.010500 0.018667
1 0.678000 0.127556 0.016500 0.036000
1 0.665000 0.136000 0.011750 0.029333
1 0.502250 0.171556 0.012750 0.031111
3 0.367250 0.183111 0.014250 0.032889
1 0.627000 0.417333 0.016000 0.036889
1 0.599500 0.217778 0.015000 0.035111
1 0.476750 0.357778 0.008750 0.028889
2 0.500000 0.468889 0.020750 0.022667
2 0.498250 0.449778 0.013500 0.029333
3 0.507500 0.268444 0.010250 0.049778
2 0.332750 0.313778 0.018250 0.023111
2 0.352500 0.274667 0.019250 0.036889
2 0.322250 0.421333 0.022750 0.043556
2 0.382750 0.439111 0.020750 0.050667
2 0.388250 0.364889 0.033250 0.037333
2 0.466250 0.453333 0.021750 0.039556
2 0.452500 0.426222 0.022500 0.039111