2 0.518000 0.603556 0.019750 0.035111
2 0.530250 0.584444 0.015750 0.028889
2 0.201750 0.505778 0.025750 0.033333
2 0.185000 0.488889 0.016000 0.024889
2 0.101250 0.495556 0.016750 0.026222
2 0.168750 0.460444 0.029500 0.045778
2 0.164250 0.387111 0.019750 0.028000
2 0.183000 0.384889 0.017250 0.032444
1 0.197750 0.355556 0.020750 0.016889
2 0.208250 0.481778 0.014250 0.024444
1 0.150250 0.553778 0.012000 0.021778
2 0.136750 0.562667 0.021750 0.033778
2 0.234250 0.460000 0.011000 0.022222
2 0.301500 0.536444 0.015750 0.030222
2 0.337750 0.528889 0.040000 0.092000
2 0.408250 0.596889 0.040000 0.057333
2 0.487250 0.560889 0.023250 0.020444
2 0.462250 0.603556 0.039750 0.082222
2 0.479500 0.623556 0.024000 0.031556
2 0.389500 0.974667 0.013000 0.036000
2 0.483750 0.977333 0.024000 0.031556
2 0.451000 0.963556 0.015750 0.021333
2 0.489000 0.887556 0.019750 0.034667
3 0.638500 0.562222 0.013000 0.049778