2 0.203250 0.443111 0.022500 0.036000
2 0.165000 0.371111 0.018000 0.026667
1 0.217500 0.435111 0.013000 0.022667
2 0.256000 0.363111 0.016500 0.026222
2 0.238000 0.335111 0.032250 0.051111
2 0.233500 0.255111 0.020000 0.030667
2 0.252500 0.254667 0.019500 0.035556
1 0.269500 0.223111 0.021000 0.017778
2 0.281000 0.357778 0.014000 0.025778
2 0.274750 0.381778 0.026750 0.036000
2 0.309500 0.334667 0.012000 0.023556
2 0.419000 0.415111 0.040250 0.097333
2 0.381500 0.419556 0.014250 0.032444
2 0.495250 0.488889 0.042000 0.058222
2 0.578500 0.452000 0.025250 0.024000
2 0.553250 0.495111 0.041500 0.082222
2 0.571250 0.519111 0.025250 0.031111
2 0.626500 0.478667 0.018500 0.031111
3 0.743750 0.454222 0.013000 0.049333