2 0.723250 0.004444 0.011500 0.008444
2 0.944500 0.724889 0.031500 0.052889
3 0.942250 0.868444 0.009250 0.036000
2 0.631000 0.921778 0.008250 0.005778
1 0.801000 0.995556 0.009500 0.009778
2 0.667500 0.236889 0.012000 0.024889
2 0.679500 0.175556 0.022500 0.041333
3 0.704500 0.075556 0.017750 0.040000
3 0.677750 0.085778 0.015000 0.044444
2 0.793000 0.112444 0.012750 0.020444
2 0.762500 0.127111 0.020250 0.046667
3 0.776750 0.167556 0.026750 0.036444
2 0.907250 0.466667 0.012750 0.021333
3 0.882500 0.706667 0.016250 0.034667
3 0.798750 0.716000 0.011000 0.035111
2 0.850000 0.692000 0.015000 0.021333
2 0.857500 0.653778 0.012500 0.020000
3 0.833000 0.559556 0.027250 0.035111
3 0.748000 0.376889 0.022500 0.034222
2 0.772250 0.527111 0.015500 0.026667
2 0.743500 0.552444 0.025000 0.050667
1 0.686750 0.645333 0.015750 0.026667
2 0.595500 0.569333 0.005500 0.014667
2 0.644000 0.557778 0.013500 0.023111
3 0.659500 0.458667 0.015500 0.038667
2 0.583250 0.493333 0.021750 0.028000
3 0.521000 0.352000 0.031000 0.026222
2 0.438500 0.553778 0.020750 0.039111
2 0.213750 0.429333 0.021250 0.037778