2 0.785000 0.797333 0.016250 0.031111
2 0.654750 0.163111 0.016250 0.055111
2 0.454000 0.279111 0.028250 0.040444
2 0.619750 0.304000 0.058000 0.097778
2 0.998000 0.406222 0.004500 0.008444
2 0.895500 0.268444 0.022000 0.081333
2 0.890000 0.190222 0.020250 0.031111
2 0.886250 0.284444 0.014750 0.048000
2 0.922500 0.256444 0.023250 0.037333
2 0.949000 0.691556 0.017000 0.044444
2 0.924750 0.484444 0.023000 0.041778
2 0.886750 0.496444 0.029750 0.027111
2 0.774750 0.369778 0.015250 0.029778
2 0.795500 0.376889 0.020250 0.032000
2 0.762000 0.608000 0.063500 0.107111
2 0.386250 0.744444 0.020250 0.041778
2 0.418500 0.896889 0.017500 0.062667