2 0.468000 0.621333 0.017500 0.024000
2 0.340750 0.172000 0.018500 0.041333
2 0.621750 0.513333 0.018500 0.032889
2 0.626000 0.938667 0.044000 0.049778
2 0.658000 0.886222 0.020250 0.036444
2 0.553250 0.750222 0.021500 0.025333
2 0.573000 0.943111 0.024000 0.039556
2 0.521250 0.923111 0.064750 0.072000
2 0.404750 0.732000 0.015000 0.030222
2 0.347500 0.704889 0.018250 0.031111
1 0.453000 0.764000 0.021500 0.024000
2 0.390750 0.806667 0.050250 0.097333
3 0.306750 0.882667 0.028250 0.044444
2 0.049250 0.648444 0.030000 0.039111
2 0.048750 0.622222 0.020000 0.024889
2 0.010750 0.412000 0.021250 0.048000
2 0.056750 0.448000 0.030250 0.044889