1 0.436500 0.541333 0.012750 0.021333
2 0.422750 0.548889 0.020500 0.031111
2 0.386500 0.479556 0.017000 0.026222
2 0.473250 0.473333 0.015750 0.027556
2 0.456500 0.444889 0.030750 0.047111
2 0.449500 0.368889 0.016750 0.029778
2 0.466000 0.366222 0.017500 0.032889
1 0.481000 0.336000 0.019000 0.016444
2 0.497750 0.469333 0.014000 0.026667
2 0.492250 0.491556 0.022750 0.034667
2 0.523000 0.445333 0.011000 0.021333
2 0.589500 0.526222 0.014000 0.029778
2 0.624000 0.519111 0.041000 0.096000
2 0.700250 0.592444 0.042750 0.058667
2 0.775500 0.624444 0.025750 0.031111
2 0.756750 0.600444 0.040250 0.083556
2 0.779000 0.555556 0.026000 0.021778
2 0.815000 0.600889 0.024000 0.035111
2 0.826750 0.581778 0.018250 0.029778
3 0.937000 0.559556 0.013250 0.048889