2 0.398750 0.916444 0.023750 0.056000
2 0.388250 0.914222 0.014000 0.027556
2 0.398000 0.807111 0.009250 0.030222
2 0.402750 0.508000 0.014500 0.021778
2 0.385500 0.708889 0.010500 0.020444
2 0.449500 0.561778 0.013250 0.022222
2 0.464000 0.530667 0.021000 0.041333
2 0.481750 0.536889 0.014250 0.013333
2 0.494500 0.580444 0.009750 0.018222
2 0.497500 0.609778 0.009250 0.014667
2 0.506750 0.605333 0.010000 0.016444
2 0.506000 0.563556 0.013500 0.024444
1 0.523000 0.572000 0.010000 0.017333
3 0.554750 0.549333 0.016750 0.016000
2 0.610250 0.531556 0.024000 0.024000
2 0.618250 0.489333 0.010500 0.020889
2 0.656250 0.559556 0.012750 0.017333