1 0.844250 0.337333 0.018250 0.021333
2 0.708500 0.405333 0.008500 0.021778
2 0.742750 0.361778 0.014250 0.024444
3 0.812750 0.352000 0.015750 0.048000
3 0.798500 0.557778 0.021750 0.049778
2 0.757250 0.636000 0.024250 0.040889
1 0.847500 0.536444 0.020000 0.018222
1 0.729250 0.615556 0.012250 0.032889
3 0.685000 0.595111 0.024750 0.018667
3 0.626750 0.684444 0.011500 0.039111
3 0.587000 0.485778 0.026500 0.016000
3 0.490750 0.132444 0.012500 0.059556
2 0.542250 0.508889 0.021250 0.026222
3 0.545500 0.543111 0.010750 0.045333
3 0.322750 0.460889 0.024000 0.036444
2 0.237500 0.418222 0.021750 0.032000