2 0.550000 0.699556 0.017750 0.032889
2 0.557000 0.733333 0.023500 0.044889
2 0.550750 0.091111 0.018500 0.034222
2 0.032500 0.607111 0.036500 0.035556
2 0.395500 0.193778 0.014500 0.021778
2 0.329750 0.303111 0.015500 0.031111
2 0.272750 0.274667 0.019750 0.025333
1 0.379250 0.336000 0.020500 0.018667
2 0.315750 0.372444 0.048000 0.088444
3 0.230250 0.444889 0.027750 0.043556
2 0.445750 0.486222 0.065250 0.062222
2 0.595250 0.651556 0.013500 0.032889
2 0.584000 0.464889 0.018750 0.038667
2 0.552000 0.508444 0.041500 0.045333
2 0.497500 0.506667 0.020750 0.036889