2 0.584750 0.588889 0.016500 0.059556
3 0.758500 0.299111 0.028000 0.041778
2 0.589000 0.092889 0.028000 0.049333
2 0.621750 0.037333 0.051250 0.071111
2 0.630000 0.082222 0.025750 0.035556
3 0.803750 0.078667 0.037250 0.027111
2 0.848000 0.073333 0.015500 0.053333
2 0.832500 0.060889 0.024000 0.057333
1 0.737750 0.122222 0.021500 0.037778
2 0.819250 0.251556 0.058250 0.135111
2 0.998250 0.100444 0.004000 0.021778
2 0.977250 0.029333 0.020500 0.031556
2 0.917250 0.044444 0.048000 0.051556
2 0.687500 0.195556 0.021500 0.035111
2 0.458750 0.387556 0.022000 0.043111
2 0.489750 0.580000 0.020500 0.061333
2 0.487250 0.822667 0.049750 0.129778
2 0.466250 0.808889 0.030500 0.058222