3 0.944000 0.865778 0.010500 0.037333
2 0.945750 0.723111 0.031000 0.054667
2 0.764250 0.125333 0.020250 0.046667
2 0.794500 0.112444 0.011750 0.022222
3 0.778500 0.165778 0.028000 0.038222
3 0.707250 0.076889 0.018000 0.041778
2 0.681250 0.176000 0.023000 0.043556
3 0.679000 0.083556 0.014750 0.044000
2 0.670250 0.234667 0.010750 0.024444
2 0.908750 0.464889 0.012500 0.020444
2 0.858500 0.650667 0.012250 0.017778
3 0.884250 0.703556 0.015250 0.033778
3 0.852500 0.608444 0.029000 0.034222
2 0.852000 0.689333 0.014500 0.020000
2 0.774250 0.525333 0.014250 0.025778
3 0.750750 0.375556 0.022000 0.033778
3 0.661000 0.456000 0.015500 0.040444
2 0.745750 0.550222 0.026000 0.045333
3 0.800000 0.712444 0.011750 0.036000
1 0.689000 0.643556 0.016750 0.028000
2 0.597750 0.567111 0.004500 0.012889
2 0.646750 0.554667 0.013750 0.023111
2 0.649250 0.629778 0.015000 0.040444
1 0.803250 0.994222 0.010500 0.012444
2 0.557250 0.710667 0.023500 0.028889
2 0.481000 0.639556 0.015500 0.028444
3 0.541750 0.436889 0.025750 0.031556
2 0.520750 0.169778 0.042750 0.081778
2 0.314250 0.128889 0.028250 0.068889