2 0.607750 0.237778 0.040500 0.057778
2 0.610250 0.156444 0.020500 0.036889
2 0.656750 0.201778 0.013500 0.021333
2 0.703250 0.278667 0.013750 0.028889
2 0.710000 0.191556 0.021000 0.033778
2 0.693000 0.246667 0.022750 0.036889
2 0.434500 0.370222 0.014250 0.031111
2 0.257500 0.729333 0.020500 0.038222
2 0.333750 0.419556 0.028250 0.031111
2 0.351500 0.352889 0.037000 0.082222
1 0.466750 0.381333 0.016000 0.036000
2 0.542500 0.469778 0.038500 0.127111
2 0.447500 0.451556 0.017750 0.031556
2 0.432000 0.467556 0.016500 0.026667
2 0.231750 0.360444 0.025500 0.042222