3 0.967750 0.407556 0.027500 0.035111
1 0.544750 0.581778 0.012500 0.032000
3 0.646250 0.664444 0.033000 0.021778
3 0.636250 0.312889 0.014750 0.047111
1 0.670250 0.297333 0.019500 0.021778
1 0.670750 0.507111 0.019250 0.015111
3 0.398250 0.433778 0.027250 0.016889
3 0.353500 0.498667 0.013500 0.048889
3 0.497750 0.533778 0.026750 0.015556
3 0.436500 0.650667 0.012750 0.037333
3 0.346000 0.760444 0.012250 0.052444
2 0.525750 0.366222 0.009500 0.020889
2 0.563250 0.321333 0.014000 0.024889
2 0.573750 0.603556 0.028000 0.044889
2 0.446500 0.429333 0.020750 0.047111
2 0.035250 0.360889 0.024750 0.035111