2 0.411250 0.180444 0.020750 0.032889
3 0.423500 0.175111 0.010500 0.046222
3 0.411500 0.149778 0.015250 0.042667
3 0.417000 0.124444 0.010250 0.036444
3 0.441500 0.136889 0.021000 0.032444
2 0.667250 0.111111 0.013000 0.020444
3 0.593000 0.171556 0.013500 0.050667
2 0.601750 0.194667 0.018750 0.044000
2 0.605000 0.138667 0.007500 0.021778
1 0.644500 0.304444 0.017000 0.020000
1 0.637500 0.289778 0.017000 0.019111
1 0.623000 0.336444 0.011000 0.030667
3 0.640250 0.312444 0.026500 0.028000
3 0.603000 0.315111 0.008500 0.038667
3 0.679000 0.224889 0.020000 0.039556
2 0.652000 0.351556 0.023250 0.036889
3 0.718000 0.454222 0.030250 0.024889