2 0.779250 0.101778 0.014000 0.021778
2 0.665250 0.164889 0.024250 0.039556
2 0.749250 0.116444 0.019750 0.046667
3 0.691750 0.066222 0.018750 0.045333
3 0.663750 0.074222 0.014750 0.042222
3 0.763750 0.156000 0.027500 0.037333
2 0.893250 0.455111 0.013750 0.019556
3 0.818000 0.543556 0.025250 0.040889
2 0.844000 0.641778 0.012500 0.018667
2 0.837000 0.679556 0.014750 0.021778
3 0.868750 0.693333 0.016500 0.036000
2 0.930750 0.712889 0.031000 0.055111
3 0.928500 0.856889 0.010750 0.039556
1 0.789500 0.989778 0.014000 0.021333
2 0.759750 0.515556 0.014500 0.024444
3 0.784500 0.703111 0.011000 0.036889
2 0.730250 0.540000 0.027250 0.048444
3 0.734750 0.364889 0.023500 0.036000
2 0.653750 0.225778 0.012250 0.029333
3 0.646250 0.446222 0.015000 0.040444
2 0.631000 0.544444 0.014500 0.024889
1 0.673500 0.632889 0.016250 0.027556
2 0.581750 0.556444 0.006000 0.014667
3 0.497500 0.239556 0.029000 0.022222
2 0.419250 0.180000 0.015000 0.024444
2 0.196500 0.143556 0.021000 0.036000