2 0.593000 0.520000 0.023250 0.024000
2 0.510250 0.392889 0.013750 0.023556
1 0.496000 0.529333 0.021750 0.019556
2 0.437500 0.568444 0.049500 0.090222
3 0.355500 0.641333 0.027250 0.040444
2 0.165000 0.805333 0.033000 0.032889
2 0.007750 0.470667 0.015000 0.034667
3 0.025250 0.450222 0.025750 0.040000
2 0.041250 0.405333 0.030750 0.026222
2 0.102250 0.393333 0.018500 0.021778
2 0.103750 0.422667 0.029750 0.039556
2 0.043000 0.369333 0.023250 0.042222
2 0.108250 0.227556 0.029500 0.040000
2 0.059750 0.195556 0.023750 0.046667
2 0.659500 0.285778 0.018500 0.031111
2 0.564250 0.677778 0.060500 0.066222
2 0.614000 0.696444 0.020750 0.037333
2 0.636750 0.646667 0.024250 0.085778
2 0.696250 0.648889 0.018000 0.038222
2 0.671500 0.916889 0.023250 0.045778
2 0.666000 0.882667 0.014000 0.033333
2 0.713000 0.841333 0.013250 0.035556