1 0.959250 0.320889 0.011000 0.020000
2 0.950000 0.313778 0.024500 0.044444
2 0.935500 0.322667 0.021000 0.029333
2 0.951750 0.340889 0.030750 0.024889
2 0.926500 0.363556 0.023750 0.080889
3 0.726500 0.340444 0.016250 0.048444
2 0.715500 0.434667 0.022750 0.031556
2 0.698000 0.420889 0.019250 0.032444
2 0.693250 0.466667 0.028250 0.052000
2 0.548750 0.606222 0.020250 0.032889
2 0.678500 0.680444 0.053750 0.125778
2 0.785000 0.865333 0.014750 0.031111
2 0.778500 0.799556 0.022500 0.059111
2 0.329250 0.994667 0.013500 0.011556
2 0.493750 0.488444 0.023250 0.032000
2 0.484750 0.436444 0.048750 0.090222
2 0.451500 0.497333 0.026000 0.045778
2 0.353000 0.375556 0.030250 0.042222
2 0.310000 0.801778 0.023250 0.041778