2 0.315750 0.850667 0.011250 0.033333
2 0.214000 0.796444 0.020750 0.054222
2 0.279750 0.284000 0.023250 0.030667
2 0.266000 0.227111 0.046000 0.092000
2 0.236500 0.292889 0.029000 0.048000
2 0.503000 0.233778 0.023000 0.034222
2 0.484000 0.218667 0.020500 0.034222
1 0.485000 0.151111 0.024500 0.031111
3 0.515750 0.140444 0.016750 0.048889
2 0.587500 0.158667 0.020750 0.049778
3 0.460250 0.283556 0.035250 0.025778
2 0.486250 0.265333 0.018250 0.052889
2 0.500500 0.280444 0.014250 0.051556
2 0.569750 0.246222 0.050000 0.038222
2 0.668000 0.344889 0.017500 0.032000
2 0.262750 0.981333 0.024500 0.038222
2 0.103000 0.984000 0.032750 0.032444
2 0.093000 0.588889 0.027000 0.041778
2 0.456250 0.463111 0.050250 0.122667
2 0.559500 0.582667 0.026500 0.056444
2 0.335250 0.398667 0.020000 0.031111
2 0.131250 0.164889 0.031750 0.042667
2 0.103000 0.794222 0.017750 0.067556