2 0.394750 0.510222 0.013750 0.029333
2 0.369000 0.516889 0.016500 0.030667
2 0.351000 0.486222 0.030000 0.047111
2 0.343750 0.406667 0.019500 0.030667
2 0.362750 0.403556 0.019250 0.032444
1 0.377750 0.372444 0.021500 0.018222
2 0.421750 0.484444 0.012750 0.026222
2 0.389250 0.533778 0.025750 0.038667
1 0.331500 0.589333 0.013000 0.021333
2 0.277750 0.526222 0.018250 0.025778
2 0.317250 0.596889 0.022250 0.033333
2 0.739750 0.616444 0.019750 0.033333
2 0.727500 0.637333 0.020000 0.035111
2 0.492750 0.565333 0.015250 0.031556
2 0.528500 0.556889 0.041000 0.098667
2 0.607750 0.628889 0.042500 0.052000
2 0.666500 0.639111 0.042500 0.083556
2 0.690000 0.588889 0.025500 0.025333
2 0.685750 0.660444 0.025500 0.032889
3 0.854000 0.585778 0.015250 0.050222