2 0.527500 0.657333 0.010750 0.025333
2 0.565500 0.609333 0.015500 0.025778
2 0.583000 0.907111 0.029500 0.051556
1 0.677500 0.582667 0.020250 0.021333
1 0.680750 0.799111 0.020250 0.020000
1 0.551000 0.888000 0.011250 0.037333
3 0.641250 0.596000 0.015250 0.049333
3 0.627250 0.824444 0.024000 0.055556
3 0.502750 0.866667 0.025750 0.021333
3 0.438250 0.966222 0.012500 0.042222
3 0.540750 0.092889 0.025000 0.044444
3 0.289750 0.364444 0.013500 0.062667
2 0.346500 0.775111 0.026000 0.024889
3 0.349250 0.812444 0.012000 0.052000
3 0.396500 0.746667 0.028500 0.021333
3 0.101750 0.725778 0.026500 0.039556
2 0.010250 0.678667 0.020250 0.033778