2 0.284750 0.034222 0.028500 0.035111
3 0.450250 0.081778 0.016500 0.050667
2 0.452000 0.164889 0.014500 0.023556
2 0.246500 0.581778 0.017750 0.031111
3 0.310750 0.419556 0.029250 0.020444
3 0.473750 0.429778 0.026000 0.016000
2 0.565000 0.174222 0.014250 0.023111
3 0.563500 0.091556 0.016250 0.049333
2 0.718000 0.124889 0.026500 0.039111
2 0.816750 0.135556 0.024250 0.038222
2 0.857000 0.187111 0.016250 0.053333
2 0.890500 0.196889 0.018000 0.048889
2 0.736500 0.384889 0.013250 0.027556
2 0.748500 0.358667 0.024000 0.032444
2 0.836000 0.504889 0.024500 0.033333
2 0.825000 0.530222 0.011500 0.022667
2 0.410500 0.590667 0.016000 0.029333
2 0.617250 0.729333 0.026250 0.054667
2 0.687250 0.876000 0.029000 0.054222