2 0.301 0.7828888888888889 0.026 0.03422222222222222
2 0.51075 0.624 0.023 0.03111111111111111
2 0.71325 0.62 0.035 0.04088888888888889
2 0.612625 0.7884444444444444 0.02225 0.032
2 0.63875 0.8084444444444444 0.008 0.011555555555555555
2 0.989 0.058888888888888886 0.012 0.029777777777777778
2 0.975125 0.058888888888888886 0.02075 0.04755555555555555
2 0.712125 0.0035555555555555557 0.00575 0.006222222222222222
2 0.69625 0.0071111111111111115 0.0105 0.013333333333333334
2 0.632125 0.28844444444444445 0.02425 0.041777777777777775
2 0.59975 0.30444444444444446 0.028 0.030222222222222223
2 0.4295 0.1811111111111111 0.0245 0.04577777777777778
