3 0.018125 0.030666666666666665 0.01675 0.060444444444444446
2 0.476125 0.7984444444444444 0.00875 0.006666666666666667
3 0.170875 0.6584444444444445 0.01375 0.03955555555555555
2 0.07625 0.4562222222222222 0.027 0.02711111111111111
3 0.078 0.49466666666666664 0.013 0.051555555555555556
3 0.1275 0.4295555555555556 0.031 0.018222222222222223
1 0.427 0.272 0.0195 0.022222222222222223
3 0.38875 0.28555555555555556 0.0145 0.052
2 0.267625 0.34444444444444444 0.01075 0.024
2 0.309875 0.29555555555555557 0.01425 0.025777777777777778
3 0.2395 0.5571111111111111 0.027 0.02
1 0.290375 0.5813333333333334 0.01325 0.036444444444444446
2 0.322875 0.6031111111111112 0.03175 0.048
3 0.371375 0.5188888888888888 0.02475 0.05377777777777778
1 0.428625 0.49622222222222223 0.01875 0.017333333333333333
