2 0.785 0.7971111111111111 0.016 0.030666666666666665
2 0.65475 0.1628888888888889 0.016 0.05466666666666667
2 0.454 0.2791111111111111 0.028 0.04
2 0.619625 0.30377777777777776 0.05775 0.09733333333333333
2 0.997875 0.4062222222222222 0.00425 0.008
2 0.895375 0.26844444444444443 0.02175 0.08088888888888889
2 0.89 0.19 0.02 0.030666666666666665
2 0.88625 0.2842222222222222 0.0145 0.04755555555555555
2 0.9225 0.25622222222222224 0.023 0.03688888888888889
2 0.948875 0.6913333333333334 0.01675 0.044
2 0.924625 0.4842222222222222 0.02275 0.04133333333333333
2 0.88675 0.49644444444444447 0.0295 0.02666666666666667
2 0.77475 0.36977777777777776 0.015 0.029333333333333333
2 0.7955 0.37666666666666665 0.02 0.03155555555555556
2 0.761875 0.608 0.06325 0.10666666666666667
2 0.38625 0.7442222222222222 0.02 0.04133333333333333
2 0.418375 0.8968888888888888 0.01725 0.06222222222222222
