2 0.47725 0.12466666666666666 0.0155 0.02711111111111111
2 0.47575 0.09133333333333334 0.013 0.020888888888888887
2 0.471625 0.07222222222222222 0.00975 0.018222222222222223
2 0.057625 0.20733333333333334 0.00475 0.012888888888888889
2 0.049625 0.1902222222222222 0.01775 0.021333333333333333
2 0.0405 0.21133333333333335 0.015 0.025333333333333333
2 0.051625 0.8595555555555555 0.03825 0.04533333333333334
2 0.369125 0.266 0.01275 0.03155555555555556
2 0.35775 0.26555555555555554 0.0175 0.04844444444444444
2 0.630375 0.4051111111111111 0.03775 0.050222222222222224
