3 0.745875 0.908 0.02275 0.036444444444444446
3 0.65925 0.9857777777777778 0.0165 0.028444444444444446
3 0.7725 0.6957777777777778 0.0285 0.03866666666666667
2 0.75275 0.8195555555555556 0.025 0.04533333333333334
2 0.78875 0.6384444444444445 0.0115 0.02
2 0.75875 0.6553333333333333 0.021 0.043111111111111114
2 0.664625 0.768 0.01225 0.022222222222222223
2 0.67675 0.7082222222222222 0.022 0.043111111111111114
2 0.53175 0.7582222222222222 0.017 0.02311111111111111
3 0.67475 0.6206666666666667 0.013 0.044
3 0.70425 0.6124444444444445 0.016 0.041777777777777775
2 0.723 0.5291111111111111 0.0145 0.02266666666666667
