2 0.806625 0.08977777777777778 0.01925 0.041777777777777775
2 0.448875 0.19133333333333333 0.03975 0.09022222222222222
2 0.84425 0.6122222222222222 0.0195 0.03155555555555556
2 0.464 0.6144444444444445 0.017 0.035111111111111114
3 0.48175 0.5917777777777777 0.02 0.03955555555555555
2 0.494875 0.5455555555555556 0.02525 0.026222222222222223
2 0.498375 0.33355555555555555 0.02325 0.04577777777777778
2 0.54875 0.3668888888888889 0.0245 0.043111111111111114
2 0.50075 0.512 0.019 0.043555555555555556
2 0.54775 0.5373333333333333 0.0205 0.028444444444444446
2 0.551875 0.5653333333333334 0.02525 0.03822222222222222
2 0.9005 0.71 0.0645 0.09377777777777778
