2 0.466125 0.3466666666666667 0.02125 0.03111111111111111
2 0.45525 0.38355555555555554 0.0245 0.04622222222222222
2 0.437875 0.3502222222222222 0.02825 0.048
1 0.45175 0.33155555555555555 0.0245 0.019555555555555555
1 0.427625 0.364 0.00825 0.018666666666666668
2 0.415375 0.3602222222222222 0.01675 0.024444444444444446
2 0.443375 0.4191111111111111 0.02275 0.034666666666666665
2 0.44725 0.30666666666666664 0.0325 0.034666666666666665
2 0.48 0.3413333333333333 0.019 0.024888888888888887
2 0.40725 0.3948888888888889 0.0265 0.04577777777777778
2 0.416375 0.31444444444444447 0.02625 0.05733333333333333
2 0.388375 0.46111111111111114 0.03475 0.04933333333333333
