2 0.4945 0.30777777777777776 0.01 0.017333333333333333
2 0.5215 0.31977777777777777 0.0195 0.028888888888888888
2 0.104 0.7062222222222222 0.007 0.0044444444444444444
2 0.133125 0.11066666666666666 0.01175 0.021333333333333333
2 0.14125 0.05733333333333333 0.023 0.03822222222222222
2 0.242125 0.004666666666666667 0.01225 0.008444444444444444
2 0.2165 0.01711111111111111 0.0175 0.03155555555555556
3 0.228125 0.04733333333333333 0.02425 0.03244444444444444
3 0.204 0.22955555555555557 0.019 0.029777777777777778
2 0.347125 0.3022222222222222 0.01075 0.021333333333333333
3 0.279875 0.38355555555555554 0.02175 0.034666666666666665
3 0.25 0.5206666666666667 0.0115 0.028888888888888888
2 0.227375 0.3582222222222222 0.01325 0.021333333333333333
1 0.151125 0.4631111111111111 0.01525 0.022222222222222223
2 0.202375 0.382 0.02325 0.042222222222222223
3 0.124875 0.302 0.01525 0.036
2 0.113 0.3888888888888889 0.0125 0.018666666666666668
2 0.091625 0.402 0.00525 0.012888888888888889
1 0.25625 0.7706666666666667 0.0125 0.024888888888888887
2 0.30375 0.4648888888888889 0.0095 0.015111111111111112
2 0.297375 0.49822222222222223 0.01275 0.016888888888888887
3 0.32575 0.5095555555555555 0.0165 0.029777777777777778
3 0.3785 0.6464444444444445 0.0075 0.03422222222222222
2 0.382125 0.5235555555555556 0.02675 0.04533333333333334
2 0.552875 0.46155555555555555 0.00875 0.014666666666666666
2 0.55525 0.4851111111111111 0.012 0.01911111111111111
2 0.563 0.5482222222222223 0.013 0.010222222222222223
2 0.55475 0.5544444444444444 0.006 0.010222222222222223
2 0.551875 0.5533333333333333 0.00375 0.022222222222222223
