1 0.906375 0.25555555555555554 0.01975 0.019555555555555555
2 0.8015 0.2786666666666667 0.014 0.021333333333333333
3 0.87875 0.5553333333333333 0.033 0.028
1 0.908625 0.4648888888888889 0.02025 0.014222222222222223
3 0.595 0.458 0.0125 0.04755555555555555
3 0.640125 0.39311111111111113 0.02775 0.01911111111111111
2 0.765125 0.3228888888888889 0.00875 0.021777777777777778
1 0.786375 0.5402222222222223 0.01175 0.030666666666666665
3 0.739375 0.48044444444444445 0.02475 0.015111111111111112
2 0.68775 0.38711111111111113 0.019 0.04533333333333334
2 0.815125 0.5604444444444444 0.02425 0.04622222222222222
3 0.6795 0.6102222222222222 0.0125 0.03822222222222222
3 0.50775 0.6488888888888888 0.0185 0.041777777777777775
2 0.276125 0.30866666666666664 0.02325 0.03333333333333333
3 0.873875 0.27111111111111114 0.01425 0.048
3 0.5365 0.03177777777777778 0.0135 0.05733333333333333
