2 0.403375 0.7944444444444444 0.01075 0.01911111111111111
2 0.406 0.9904444444444445 0.012 0.01911111111111111
2 0.419875 0.9855555555555555 0.01925 0.028888888888888888
2 0.46175 0.89 0.01 0.026222222222222223
2 0.416625 0.8935555555555555 0.00925 0.03244444444444444
2 0.42075 0.5982222222222222 0.0135 0.019555555555555555
2 0.465625 0.6484444444444445 0.01275 0.021333333333333333
2 0.48025 0.6184444444444445 0.022 0.04044444444444444
2 0.497 0.6235555555555555 0.0125 0.014222222222222223
2 0.509125 0.6668888888888889 0.00925 0.017333333333333333
2 0.51225 0.6962222222222222 0.01 0.014666666666666666
2 0.52 0.6511111111111111 0.0125 0.024
1 0.536875 0.6588888888888889 0.01025 0.017333333333333333
2 0.521625 0.692 0.00925 0.016
3 0.54275 0.7477777777777778 0.0115 0.020888888888888887
3 0.567625 0.636 0.01625 0.016
2 0.572 0.7288888888888889 0.0235 0.060444444444444446
2 0.6295 0.5777777777777777 0.0095 0.020444444444444446
2 0.621625 0.6177777777777778 0.02325 0.021333333333333333
2 0.669875 0.6628888888888889 0.00825 0.015555555555555555
2 0.667 0.6442222222222223 0.014 0.017333333333333333
