3 0.808125 0.07177777777777777 0.01125 0.04933333333333333
2 0.652875 0.5517777777777778 0.01075 0.026222222222222223
2 0.700875 0.08822222222222222 0.01725 0.03244444444444444
2 0.688125 0.10622222222222222 0.02125 0.03822222222222222
2 0.65375 0.06422222222222222 0.0255 0.02266666666666667
2 0.65 0.12244444444444444 0.022 0.03244444444444444
2 0.6305 0.10377777777777777 0.039 0.07422222222222222
2 0.576625 0.09466666666666666 0.04075 0.052444444444444446
2 0.504375 0.036444444444444446 0.03825 0.072
2 0.47075 0.025777777777777778 0.014 0.030222222222222223
1 0.319125 0.03311111111111111 0.01125 0.023555555555555555
2 0.30675 0.041555555555555554 0.0215 0.036
2 0.660125 0.3808888888888889 0.01975 0.036444444444444446
2 0.67625 0.5224444444444445 0.0245 0.03688888888888889
2 0.654125 0.4673333333333333 0.02475 0.028
2 0.538375 0.6202222222222222 0.01775 0.03955555555555555
