3 0.967625 0.40755555555555556 0.02725 0.034666666666666665
1 0.544625 0.5815555555555556 0.01225 0.03155555555555556
3 0.646125 0.6644444444444444 0.03275 0.021333333333333333
3 0.63625 0.31266666666666665 0.0145 0.04666666666666667
1 0.670125 0.29733333333333334 0.01925 0.021333333333333333
1 0.67075 0.5068888888888889 0.019 0.014666666666666666
3 0.39825 0.4335555555555556 0.027 0.016444444444444446
3 0.353375 0.49844444444444447 0.01325 0.04844444444444444
3 0.49775 0.5337777777777778 0.0265 0.015111111111111112
3 0.4365 0.6504444444444445 0.0125 0.03688888888888889
3 0.346 0.7602222222222222 0.012 0.052
2 0.525625 0.3662222222222222 0.00925 0.020444444444444446
2 0.563125 0.3211111111111111 0.01375 0.024444444444444446
2 0.573625 0.6035555555555555 0.02775 0.044444444444444446
2 0.4465 0.4291111111111111 0.0205 0.04666666666666667
2 0.03525 0.36088888888888887 0.0245 0.034666666666666665
