2 0.41125 0.18022222222222223 0.0205 0.03244444444444444
3 0.423375 0.1748888888888889 0.01025 0.04577777777777778
3 0.4115 0.14955555555555555 0.015 0.042222222222222223
3 0.417 0.12422222222222222 0.01 0.036
3 0.441375 0.1368888888888889 0.02075 0.032
2 0.667125 0.11088888888888888 0.01275 0.02
3 0.592875 0.17133333333333334 0.01325 0.050222222222222224
2 0.60175 0.19466666666666665 0.0185 0.043555555555555556
2 0.604875 0.13866666666666666 0.00725 0.021333333333333333
1 0.644375 0.30444444444444446 0.01675 0.019555555555555555
1 0.637375 0.2897777777777778 0.01675 0.018666666666666668
1 0.622875 0.33644444444444443 0.01075 0.030222222222222223
3 0.640125 0.31244444444444447 0.02625 0.027555555555555555
3 0.602875 0.3151111111111111 0.00825 0.03822222222222222
3 0.678875 0.2248888888888889 0.01975 0.03911111111111111
2 0.652 0.35155555555555557 0.023 0.036444444444444446
3 0.718 0.454 0.03 0.024444444444444446
