2 0.6725 0.5935555555555555 0.019 0.026222222222222223
1 0.5115 0.44022222222222224 0.0135 0.020888888888888887
1 0.50125 0.6144444444444445 0.0195 0.015555555555555555
2 0.550875 0.5633333333333334 0.02125 0.020888888888888887
2 0.612875 0.47444444444444445 0.01325 0.04488888888888889
2 0.60725 0.5115555555555555 0.0125 0.016888888888888887
1 0.698375 0.546 0.01175 0.028
3 0.529875 0.5846666666666667 0.01375 0.025333333333333333
3 0.50275 0.5957777777777777 0.0285 0.02266666666666667
1 0.5715 0.496 0.017 0.03911111111111111
1 0.637375 0.4226666666666667 0.01275 0.032
1 0.49525 0.5442222222222223 0.0205 0.030666666666666665
1 0.49175 0.43044444444444446 0.0105 0.03777777777777778
