2 0.620625 0.6495555555555556 0.00775 0.012
2 0.472125 0.6726666666666666 0.00775 0.028888888888888888
2 0.486125 0.40044444444444444 0.01175 0.018666666666666668
2 0.70475 0.48733333333333334 0.0115 0.01911111111111111
3 0.746125 0.45266666666666666 0.01425 0.014666666666666666
2 0.687875 0.39311111111111113 0.00675 0.020888888888888887
2 0.688875 0.35044444444444445 0.00875 0.012888888888888889
3 0.6895 0.38666666666666666 0.0135 0.035555555555555556
3 0.753625 0.4017777777777778 0.01325 0.019555555555555555
1 0.7555 0.3893333333333333 0.0105 0.014222222222222223
2 0.702875 0.38133333333333336 0.01075 0.016888888888888887
2 0.576875 0.3457777777777778 0.00725 0.02666666666666667
2 0.560375 0.4102222222222222 0.02575 0.04533333333333334
2 0.60075 0.41488888888888886 0.0095 0.016444444444444446
2 0.64525 0.43933333333333335 0.01 0.014666666666666666
2 0.625375 0.5448888888888889 0.02675 0.050666666666666665
2 0.685625 0.4935555555555556 0.01425 0.013777777777777778
2 0.760625 0.5233333333333333 0.00875 0.012
2 0.634125 0.6275555555555555 0.00775 0.014222222222222223
2 0.712625 0.5811111111111111 0.00775 0.02
2 0.319625 0.818 0.02925 0.043111111111111114
2 0.4805 0.8822222222222222 0.0145 0.012444444444444444
2 0.429875 0.8595555555555555 0.01475 0.028444444444444446
