3 0.531500 0.559111 0.010500 0.039556
3 0.577750 0.167111 0.014750 0.044444
2 0.579750 0.249778 0.012500 0.023556
2 0.425500 0.429778 0.017000 0.033778
2 0.481500 0.459111 0.015250 0.028000
3 0.471250 0.579556 0.011250 0.036889
3 0.448250 0.601778 0.022750 0.037333
3 0.379500 0.726667 0.028000 0.020000
3 0.378750 0.756444 0.029250 0.019111
2 0.709000 0.817778 0.027000 0.050667
2 0.816500 0.474667 0.012000 0.020444
2 0.828500 0.448000 0.022250 0.032444
2 0.831000 0.209778 0.025000 0.037778
3 0.675500 0.290222 0.014750 0.048889
2 0.993500 0.233333 0.013500 0.052889
3 0.639500 0.733778 0.012000 0.041333
3 0.379750 0.864889 0.028000 0.020889
3 0.484750 0.749333 0.010750 0.040000
3 0.502500 0.792889 0.024250 0.037333
2 0.459500 0.504444 0.021250 0.030667
2 0.432250 0.484000 0.021250 0.041333
2 0.010500 0.376000 0.020750 0.047111