2 0.396000 0.126222 0.024500 0.030667
2 0.382500 0.071111 0.046250 0.097778
2 0.352500 0.136444 0.027000 0.049333
2 0.596500 0.058222 0.024500 0.036444
2 0.614000 0.073778 0.021000 0.027111
2 0.612500 0.119556 0.013250 0.054222
2 0.451750 0.240444 0.020750 0.031556
2 0.695750 0.012000 0.022750 0.023111
2 0.680750 0.088444 0.051750 0.047111
2 0.772750 0.141778 0.025500 0.033333
2 0.778250 0.179556 0.016750 0.031556
2 0.390500 0.807556 0.024500 0.038667
2 0.251250 0.015111 0.030000 0.029778
2 0.235500 0.620000 0.021000 0.063111
2 0.216500 0.427556 0.024250 0.041778
2 0.216000 0.843111 0.028750 0.062667
2 0.240500 0.853778 0.039750 0.116444
2 0.575000 0.296000 0.050000 0.132444