1 0.853000 0.988000 0.018500 0.024889
3 0.997750 0.866667 0.004750 0.025778
3 0.969750 0.925333 0.012750 0.049333
2 0.979750 0.724889 0.028250 0.048000
3 0.911250 0.883556 0.015500 0.041778
3 0.843000 0.720444 0.012250 0.032889
2 0.785250 0.778667 0.017250 0.040889
2 0.655000 0.593333 0.004500 0.011556
2 0.716750 0.283111 0.010250 0.022667
2 0.662000 0.514667 0.022250 0.045333
2 0.676500 0.304444 0.020250 0.028000
2 0.727500 0.232444 0.022000 0.037778
2 0.798000 0.332889 0.022750 0.044889
2 0.830250 0.161333 0.013000 0.019111
2 0.803000 0.177333 0.019250 0.045778
2 0.769250 0.059556 0.013500 0.024000