2 0.236500 0.706222 0.032500 0.049778
2 0.262000 0.429333 0.013750 0.022667
2 0.187750 0.460000 0.010750 0.025778
2 0.201500 0.556889 0.026750 0.039556
3 0.053500 0.532000 0.031000 0.020444
1 0.207250 0.683111 0.011250 0.032444
1 0.339250 0.393333 0.020000 0.016889
1 0.338750 0.604889 0.021250 0.012444
3 0.161500 0.679556 0.029000 0.016889
3 0.007250 0.872000 0.014250 0.051556
3 0.093000 0.755111 0.014250 0.039556
3 0.007000 0.600444 0.012000 0.051556
3 0.304750 0.406667 0.014750 0.049778
3 0.029250 0.202222 0.023250 0.057778
3 0.311750 0.820000 0.036000 0.029778
3 0.647000 0.501333 0.028750 0.037333