2 0.013250 0.806222 0.017250 0.029778
2 0.135250 0.707111 0.012250 0.019111
2 0.069750 0.828889 0.018250 0.012889
2 0.086750 0.326222 0.015500 0.019111
2 0.168750 0.337333 0.022000 0.047111
2 0.185000 0.269778 0.007000 0.027556
2 0.238000 0.564444 0.006500 0.016000
2 0.235750 0.479111 0.027500 0.053333
2 0.380250 0.456444 0.010000 0.012000
2 0.327750 0.516889 0.009500 0.021333
1 0.383000 0.320000 0.010000 0.014667
3 0.380250 0.332889 0.014750 0.022222
2 0.325500 0.309778 0.009750 0.016444
2 0.312000 0.316444 0.013500 0.040444
2 0.302750 0.425778 0.016750 0.014222
2 0.325500 0.421778 0.012750 0.024000