2 0.535250 0.671111 0.032000 0.054667
3 0.792000 0.911111 0.025500 0.055111
3 0.331250 0.440444 0.012000 0.030222
2 0.518750 0.636889 0.014750 0.029333
2 0.514750 0.624444 0.016000 0.026667
2 0.579000 0.688889 0.011500 0.014667
2 0.521500 0.702222 0.021750 0.038667
2 0.508250 0.684444 0.021250 0.035556
2 0.533750 0.731556 0.029500 0.059556
2 0.452250 0.836000 0.013000 0.023111
3 0.392750 0.814667 0.024500 0.014667
1 0.338250 0.696444 0.013000 0.025778
1 0.391250 0.956000 0.011000 0.031556
1 0.374250 0.776000 0.017250 0.015111
3 0.414250 0.798222 0.020750 0.021778
3 0.468000 0.763111 0.020500 0.017778
3 0.499250 0.712889 0.010750 0.032000
3 0.533250 0.614222 0.019250 0.042667
3 0.395750 0.595111 0.014000 0.038222
3 0.451500 0.635556 0.008250 0.044000
2 0.638000 0.478222 0.006250 0.023111
2 0.522500 0.458667 0.008750 0.016000
2 0.529250 0.543556 0.011500 0.020444
3 0.484000 0.573333 0.013750 0.038667
2 0.534250 0.499556 0.012000 0.022222
2 0.650750 0.473333 0.013250 0.012000
2 0.517500 0.467111 0.018250 0.028889
2 0.464500 0.446222 0.025500 0.046667
3 0.485750 0.457778 0.011750 0.048444
3 0.579250 0.464444 0.025000 0.019556
2 0.639500 0.383111 0.010750 0.016889
2 0.643500 0.408444 0.012500 0.023111
2 0.529500 0.263556 0.011500 0.018222
2 0.547500 0.253778 0.013250 0.016889
2 0.579500 0.223556 0.008000 0.019556
2 0.556000 0.131111 0.016750 0.021333
2 0.564000 0.152889 0.024750 0.038222
2 0.549250 0.165778 0.017750 0.034222
2 0.535000 0.169333 0.016750 0.042667
2 0.466250 0.174222 0.017750 0.038667
2 0.517500 0.343111 0.019250 0.038667
2 0.610750 0.242667 0.023000 0.029333
2 0.669000 0.208444 0.014000 0.024444
3 0.667750 0.128000 0.014750 0.047556