1 0.853250 0.987556 0.016000 0.025778
3 0.969750 0.926222 0.011750 0.050667
2 0.769000 0.058667 0.013250 0.023111
2 0.995000 0.260000 0.010250 0.036444
2 0.951250 0.568889 0.011750 0.023111
3 0.910750 0.884000 0.015500 0.040889
3 0.997750 0.868000 0.004750 0.026667
2 0.979250 0.725778 0.029000 0.048889
2 0.677000 0.304444 0.019250 0.029333
2 0.716250 0.283111 0.011750 0.023556
2 0.831000 0.163111 0.013000 0.021333
2 0.802750 0.176444 0.019750 0.044000
2 0.727000 0.232000 0.023750 0.043111
2 0.667250 0.212444 0.012250 0.028444
3 0.656000 0.145778 0.013000 0.048889
2 0.799250 0.325778 0.025750 0.043111
2 0.926250 0.522667 0.021500 0.039556
2 0.915000 0.555556 0.023500 0.041333
3 0.843750 0.722667 0.011750 0.035111
2 0.785500 0.778222 0.018000 0.036889
3 0.583500 0.566667 0.015250 0.040444
2 0.661750 0.512889 0.020500 0.047111
2 0.519250 0.621333 0.011500 0.020000
2 0.501250 0.585778 0.024750 0.046667