3 0.637500 0.418667 0.018500 0.012000
2 0.412000 0.426222 0.017000 0.034667
2 0.546500 0.473333 0.013750 0.025333
2 0.384000 0.524000 0.010250 0.019111
2 0.215250 0.611111 0.016000 0.023556
2 0.245750 0.471111 0.039500 0.049333
3 0.623500 0.269333 0.015500 0.010667
2 0.325750 0.063111 0.014000 0.028444
2 0.201500 0.796444 0.012250 0.027111
2 0.349750 0.461778 0.005750 0.015111
3 0.463250 0.496889 0.007500 0.029333
2 0.356250 0.534667 0.026000 0.049778
2 0.366500 0.545778 0.012750 0.020889
2 0.372000 0.506667 0.014500 0.012444
2 0.526750 0.547556 0.007500 0.015556
3 0.426750 0.471556 0.016250 0.017333