2 0.286500 0.096000 0.013750 0.029333
3 0.619250 0.472889 0.020000 0.014667
2 0.523250 0.531111 0.017000 0.026222
2 0.530500 0.585333 0.016750 0.028444
2 0.500750 0.610667 0.007750 0.016889
2 0.488000 0.560000 0.024000 0.023556
2 0.479500 0.624444 0.021000 0.030667
2 0.461750 0.602667 0.038250 0.078222
2 0.408500 0.596444 0.039750 0.056444
3 0.394750 0.531111 0.017000 0.017778
2 0.378250 0.481333 0.017500 0.036444
2 0.334500 0.579556 0.009750 0.012000
2 0.337750 0.528889 0.039000 0.092444
2 0.301500 0.536444 0.015000 0.027111
2 0.164750 0.386667 0.019000 0.028444
2 0.183500 0.385333 0.018750 0.032889
1 0.198250 0.356000 0.018750 0.015111
2 0.234500 0.460000 0.011250 0.020889
2 0.203500 0.504000 0.021500 0.031111
2 0.201250 0.531111 0.043000 0.053333
2 0.185000 0.487556 0.015000 0.025333
2 0.208250 0.483556 0.013750 0.026222
2 0.168500 0.462222 0.028250 0.047111
2 0.101250 0.496000 0.017000 0.022667
1 0.150000 0.554222 0.011750 0.020444
2 0.137000 0.561778 0.021750 0.031556
2 0.168750 0.677333 0.016500 0.023556
2 0.155000 0.876000 0.013500 0.028444
2 0.389000 0.976000 0.012500 0.035556
2 0.451500 0.964889 0.014250 0.020889
2 0.483500 0.976889 0.023500 0.030222
2 0.489250 0.889333 0.019500 0.036889
3 0.638500 0.562222 0.013500 0.048444