3 0.68725 0.8033333333333333 0.0305 0.023555555555555555
3 0.55825 0.5095555555555555 0.0145 0.051111111111111114
2 0.568125 0.5337777777777778 0.01875 0.03911111111111111
2 0.57125 0.47533333333333333 0.007 0.020888888888888887
2 0.636625 0.44555555555555554 0.01225 0.01911111111111111
2 0.618625 0.6991111111111111 0.02475 0.03911111111111111
1 0.589875 0.6808888888888889 0.00975 0.030222222222222223
3 0.60825 0.6573333333333333 0.0265 0.02666666666666667
1 0.611875 0.6482222222222223 0.01825 0.020888888888888887
1 0.605 0.632 0.017 0.016888888888888887
3 0.648 0.5651111111111111 0.021 0.03777777777777778
3 0.56975 0.6582222222222223 0.0075 0.04088888888888889
2 0.371625 0.5191111111111111 0.01925 0.034666666666666665
3 0.385125 0.5137777777777778 0.01075 0.04622222222222222
3 0.372 0.48777777777777775 0.0165 0.04133333333333333
3 0.3785 0.46044444444444443 0.01 0.036444444444444446
3 0.403625 0.4737777777777778 0.02075 0.030222222222222223
