2 0.248 0.8548888888888889 0.03 0.044
2 0.2925 0.8435555555555555 0.022 0.04
2 0.27775 0.7902222222222223 0.043 0.08444444444444445
2 0.349375 0.9573333333333334 0.02275 0.030222222222222223
2 0.1405 0.748 0.0325 0.044444444444444446
2 0.473875 0.8255555555555556 0.03725 0.03155555555555556
2 0.5185 0.8222222222222222 0.0165 0.058666666666666666
2 0.502 0.8102222222222222 0.02 0.058666666666666666
2 0.501125 0.7577777777777778 0.02175 0.036444444444444446
2 0.519375 0.7686666666666667 0.01875 0.03155555555555556
1 0.50075 0.6931111111111111 0.0255 0.02711111111111111
3 0.5315 0.6757777777777778 0.018 0.05555555555555555
2 0.604625 0.7035555555555556 0.02425 0.044444444444444446
2 0.688625 0.8897777777777778 0.01975 0.032
2 0.68275 0.8473333333333334 0.0285 0.03955555555555555
2 0.588 0.7888888888888889 0.0475 0.044444444444444446
