2 0.652625 0.28755555555555556 0.01725 0.030222222222222223
2 0.503875 0.3942222222222222 0.01525 0.022222222222222223
1 0.489875 0.5291111111111111 0.02075 0.018222222222222223
2 0.43125 0.568 0.0485 0.08977777777777778
2 0.0565 0.19822222222222222 0.0235 0.04622222222222222
2 0.104375 0.23177777777777778 0.02825 0.04044444444444444
2 0.098625 0.3957777777777778 0.01675 0.025333333333333333
2 0.1 0.4251111111111111 0.0275 0.03955555555555555
2 0.04025 0.3711111111111111 0.023 0.041777777777777775
2 0.038125 0.40844444444444444 0.03375 0.024
3 0.023125 0.4524444444444444 0.02325 0.041777777777777775
2 0.005875 0.4722222222222222 0.01125 0.03422222222222222
2 0.161625 0.8028888888888889 0.03275 0.030666666666666665
3 0.422875 0.6786666666666666 0.02875 0.032
2 0.688625 0.6484444444444445 0.01775 0.036444444444444446
2 0.62875 0.6462222222222223 0.0235 0.08444444444444445
2 0.60675 0.6946666666666667 0.0205 0.04
2 0.665125 0.9146666666666666 0.02425 0.04533333333333334
2 0.70375 0.8395555555555556 0.013 0.03288888888888889
