2 0.16275 0.9568888888888889 0.0175 0.06666666666666667
2 0.15125 0.734 0.027 0.042222222222222223
2 0.642125 0.8031111111111111 0.01475 0.029333333333333333
2 0.8125 0.8168888888888889 0.025 0.036444444444444446
3 0.590125 0.2682222222222222 0.01825 0.051111111111111114
2 0.559375 0.3497777777777778 0.01775 0.034666666666666665
2 0.57775 0.36666666666666664 0.021 0.02666666666666667
2 0.55425 0.3993333333333333 0.0265 0.05288888888888889
2 0.38025 0.29888888888888887 0.0545 0.08933333333333333
2 0.1955 0.29555555555555557 0.033 0.041777777777777775
2 0.803875 0.25733333333333336 0.02425 0.04622222222222222
2 0.817625 0.26666666666666666 0.03025 0.02666666666666667
2 0.81925 0.23644444444444446 0.0245 0.033777777777777775
2 0.795625 0.2882222222222222 0.01825 0.07511111111111111
2 0.635875 0.738 0.02475 0.06355555555555556
2 0.530625 0.6095555555555555 0.05575 0.12755555555555556
2 0.406625 0.15755555555555556 0.01875 0.059111111111111114
