2 0.5275 0.6573333333333333 0.0105 0.024888888888888887
2 0.565375 0.6091111111111112 0.01525 0.025333333333333333
2 0.582875 0.9068888888888889 0.02925 0.051111111111111114
1 0.6775 0.5824444444444444 0.02 0.020888888888888887
1 0.68075 0.7991111111111111 0.02 0.019555555555555555
1 0.551 0.8877777777777778 0.011 0.03688888888888889
3 0.64125 0.596 0.015 0.04888888888888889
3 0.627125 0.8244444444444444 0.02375 0.05511111111111111
3 0.50275 0.8664444444444445 0.0255 0.020888888888888887
3 0.438125 0.9662222222222222 0.01225 0.041777777777777775
3 0.540625 0.09266666666666666 0.02475 0.044
3 0.289625 0.36444444444444446 0.01325 0.06222222222222222
2 0.346375 0.7748888888888888 0.02575 0.024444444444444446
3 0.349125 0.8124444444444444 0.01175 0.051555555555555556
3 0.396375 0.7464444444444445 0.02825 0.020888888888888887
3 0.101625 0.7257777777777777 0.02625 0.03911111111111111
2 0.01025 0.6784444444444444 0.02 0.03333333333333333
