2 0.779125 0.10177777777777777 0.01375 0.021333333333333333
2 0.66525 0.1648888888888889 0.024 0.03911111111111111
2 0.74925 0.11644444444444445 0.0195 0.04622222222222222
3 0.69175 0.066 0.0185 0.04488888888888889
3 0.66375 0.07422222222222222 0.0145 0.041777777777777775
3 0.763625 0.15577777777777777 0.02725 0.03688888888888889
2 0.89325 0.4548888888888889 0.0135 0.01911111111111111
3 0.818 0.5433333333333333 0.025 0.04044444444444444
2 0.843875 0.6415555555555555 0.01225 0.018222222222222223
2 0.837 0.6795555555555556 0.0145 0.021333333333333333
3 0.868625 0.6933333333333334 0.01625 0.035555555555555556
2 0.930625 0.7126666666666667 0.03075 0.05466666666666667
3 0.9285 0.8568888888888889 0.0105 0.03911111111111111
1 0.789375 0.9895555555555555 0.01375 0.020888888888888887
2 0.759625 0.5155555555555555 0.01425 0.024
3 0.784375 0.7031111111111111 0.01075 0.036444444444444446
2 0.73025 0.54 0.027 0.048
3 0.734625 0.3648888888888889 0.02325 0.035555555555555556
2 0.65375 0.22555555555555556 0.012 0.028888888888888888
3 0.646125 0.44622222222222224 0.01475 0.04
2 0.630875 0.5442222222222223 0.01425 0.024444444444444446
1 0.6735 0.6326666666666667 0.016 0.02711111111111111
2 0.581625 0.5564444444444444 0.00575 0.014222222222222223
3 0.497375 0.23933333333333334 0.02875 0.021777777777777778
2 0.419125 0.18 0.01475 0.024
2 0.196375 0.14355555555555555 0.02075 0.035555555555555556
