0 0.50375 0.47888888888888886 0.0065 0.021777777777777778
3 0.488125 0.4504444444444444 0.01175 0.009333333333333334
2 0.24275 0.9484444444444444 0.032 0.043555555555555556
3 0.453375 0.5297777777777778 0.01725 0.011555555555555555
3 0.47575 0.5982222222222222 0.0055 0.02666666666666667
1 0.44075 0.5728888888888889 0.009 0.021333333333333333
1 0.459125 0.4786666666666667 0.00625 0.015111111111111112
1 0.492625 0.5184444444444445 0.00825 0.013777777777777778
1 0.476875 0.5448888888888889 0.00725 0.021333333333333333
1 0.504125 0.5682222222222222 0.00675 0.01911111111111111
1 0.511 0.5151111111111111 0.0085 0.015111111111111112
