2 0.236375 0.706 0.03225 0.04933333333333333
2 0.262 0.42933333333333334 0.0135 0.022222222222222223
2 0.18775 0.4597777777777778 0.0105 0.025333333333333333
2 0.2015 0.5568888888888889 0.0265 0.03911111111111111
3 0.053375 0.5317777777777778 0.03075 0.02
1 0.20725 0.6831111111111111 0.011 0.032
1 0.339125 0.39311111111111113 0.01975 0.016444444444444446
1 0.33875 0.6046666666666667 0.021 0.012
3 0.161375 0.6793333333333333 0.02875 0.016444444444444446
3 0.00725 0.8717777777777778 0.014 0.051111111111111114
3 0.093 0.7551111111111111 0.014 0.03911111111111111
3 0.006875 0.6002222222222222 0.01175 0.051111111111111114
3 0.30475 0.40644444444444444 0.0145 0.04933333333333333
3 0.02925 0.202 0.023 0.05733333333333333
3 0.311625 0.82 0.03575 0.029333333333333333
3 0.647 0.5011111111111111 0.0285 0.03688888888888889
