2 0.35375 0.576 0.0085 0.010666666666666666
1 0.5145 0.3408888888888889 0.0085 0.010666666666666666
1 0.5195 0.3313333333333333 0.011 0.012
1 0.5375 0.4657777777777778 0.01 0.015111111111111112
1 0.500375 0.39955555555555555 0.00575 0.015111111111111112
1 0.457 0.422 0.0045 0.012
3 0.4715 0.4568888888888889 0.01 0.019555555555555555
2 0.4125 0.5204444444444445 0.0115 0.013333333333333334
2 0.43825 0.544 0.0155 0.018666666666666668
2 0.494875 0.5377777777777778 0.00875 0.016888888888888887
2 0.4755 0.5426666666666666 0.0215 0.024888888888888887
2 0.44425 0.5753333333333334 0.0125 0.026222222222222223
2 0.418875 0.5955555555555555 0.01025 0.020444444444444446
2 0.391875 0.5988888888888889 0.01175 0.017333333333333333
