2 0.669875 0.962 0.01175 0.04666666666666667
2 0.6555 0.9715555555555555 0.015 0.03822222222222222
2 0.684375 0.9575555555555556 0.02525 0.052
2 0.673375 0.9304444444444444 0.01475 0.028
2 0.654125 0.9362222222222222 0.02525 0.051111111111111114
2 0.678125 0.904 0.01025 0.018666666666666668
2 0.698375 0.9242222222222222 0.01375 0.026222222222222223
2 0.71775 0.97 0.0105 0.02266666666666667
2 0.73425 0.9462222222222222 0.0095 0.02311111111111111
2 0.488375 0.956 0.02625 0.06666666666666667
2 0.570875 0.7968888888888889 0.02825 0.042666666666666665
