3 0.943875 0.8655555555555555 0.01025 0.03688888888888889
2 0.945625 0.7231111111111111 0.03075 0.05422222222222222
2 0.76425 0.12533333333333332 0.02 0.04622222222222222
2 0.7945 0.11222222222222222 0.0115 0.021777777777777778
3 0.778375 0.16555555555555557 0.02775 0.03777777777777778
3 0.707125 0.07666666666666666 0.01775 0.04133333333333333
2 0.681125 0.17577777777777778 0.02275 0.043111111111111114
3 0.679 0.08355555555555555 0.0145 0.043555555555555556
2 0.67025 0.23466666666666666 0.0105 0.024
2 0.908625 0.4646666666666667 0.01225 0.02
2 0.8585 0.6504444444444445 0.012 0.017333333333333333
3 0.88425 0.7033333333333334 0.015 0.03333333333333333
3 0.852375 0.6084444444444445 0.02875 0.033777777777777775
2 0.851875 0.6893333333333334 0.01425 0.019555555555555555
2 0.77425 0.5251111111111111 0.014 0.025333333333333333
3 0.750625 0.37533333333333335 0.02175 0.03333333333333333
3 0.660875 0.456 0.01525 0.04
2 0.745625 0.55 0.02575 0.04488888888888889
3 0.8 0.7124444444444444 0.0115 0.035555555555555556
1 0.689 0.6435555555555555 0.0165 0.027555555555555555
2 0.597625 0.5671111111111111 0.00425 0.012444444444444444
2 0.64675 0.5544444444444444 0.0135 0.02266666666666667
2 0.649125 0.6297777777777778 0.01475 0.04
1 0.803125 0.994 0.01025 0.012
2 0.557125 0.7106666666666667 0.02325 0.028444444444444446
2 0.480875 0.6393333333333333 0.01525 0.028
3 0.54175 0.4368888888888889 0.0255 0.03111111111111111
2 0.52075 0.16955555555555554 0.0425 0.08133333333333333
2 0.31425 0.1288888888888889 0.028 0.06844444444444445
