2 0.72025 0.9744444444444444 0.022 0.036
1 0.67225 0.968 0.017 0.024888888888888887
1 0.7455 0.8246666666666667 0.019 0.015555555555555555
2 0.64175 0.936 0.0155 0.034666666666666665
2 0.66125 0.5471111111111111 0.016 0.024888888888888887
1 0.75925 0.5273333333333333 0.0175 0.02266666666666667
3 0.73175 0.572 0.0265 0.02311111111111111
3 0.68025 0.5715555555555556 0.025 0.018666666666666668
2 0.627 0.5891111111111111 0.0075 0.020888888888888887
3 0.791625 0.7926666666666666 0.01325 0.04666666666666667
3 0.54675 0.8535555555555555 0.0115 0.036
3 0.561125 0.7015555555555556 0.00725 0.04044444444444444
3 0.644125 0.092 0.02275 0.03911111111111111
3 0.423 0.3244444444444444 0.0115 0.05688888888888889
2 0.368625 0.6113333333333333 0.01525 0.042222222222222223
3 0.258 0.6342222222222222 0.022 0.034666666666666665
2 0.177875 0.5895555555555556 0.02175 0.028888888888888888
