3 0.876875 0.10044444444444445 0.02075 0.03288888888888889
3 0.63675 0.7353333333333333 0.031 0.02266666666666667
2 0.56975 0.6348888888888888 0.0245 0.03777777777777778
3 0.559375 0.5946666666666667 0.02525 0.02666666666666667
1 0.542875 0.6168888888888889 0.00925 0.028444444444444446
1 0.561875 0.5742222222222222 0.01925 0.019555555555555555
1 0.728625 0.36977777777777776 0.00825 0.029333333333333333
2 0.64275 0.2886666666666667 0.0145 0.01911111111111111
3 0.611125 0.2568888888888889 0.02175 0.021333333333333333
2 0.52525 0.42 0.0075 0.018666666666666668
2 0.5215 0.4742222222222222 0.017 0.03911111111111111
3 0.5125 0.45266666666666666 0.014 0.050222222222222224
2 0.33275 0.46066666666666667 0.0195 0.03422222222222222
3 0.344375 0.45422222222222225 0.01025 0.042666666666666665
3 0.332625 0.4295555555555556 0.01425 0.04044444444444444
3 0.3385 0.4026666666666667 0.0105 0.036444444444444446
3 0.362375 0.41644444444444445 0.02025 0.030222222222222223
