1 0.558875 0.3068888888888889 0.01225 0.02
1 0.551875 0.3171111111111111 0.00875 0.014666666666666666
2 0.4295 0.3075555555555556 0.0065 0.012444444444444444
2 0.485875 0.5608888888888889 0.00775 0.016888888888888887
2 0.488 0.5697777777777778 0.0115 0.016888888888888887
2 0.424125 0.5282222222222223 0.01575 0.028888888888888888
2 0.37075 0.41888888888888887 0.017 0.02711111111111111
2 0.34325 0.41644444444444445 0.0175 0.030222222222222223
1 0.463125 0.5126666666666667 0.00775 0.016444444444444446
1 0.5215 0.38711111111111113 0.006 0.020444444444444446
2 0.46625 0.5724444444444444 0.012 0.027555555555555555
2 0.453875 0.562 0.01175 0.028888888888888888
0 0.4285 0.3482222222222222 0.01 0.016444444444444446
1 0.458375 0.39355555555555555 0.00525 0.01911111111111111
3 0.472375 0.44533333333333336 0.00925 0.027555555555555555
3 0.462125 0.4468888888888889 0.01075 0.02711111111111111
2 0.3825 0.6213333333333333 0.0135 0.03911111111111111
2 0.377375 0.5042222222222222 0.01475 0.023555555555555555
