2 0.31575 0.8506666666666667 0.011 0.03288888888888889
2 0.214 0.7962222222222223 0.0205 0.05377777777777778
2 0.27975 0.284 0.023 0.030222222222222223
2 0.265875 0.22711111111111112 0.04575 0.09155555555555556
2 0.236375 0.2926666666666667 0.02875 0.04755555555555555
2 0.502875 0.23377777777777778 0.02275 0.033777777777777775
2 0.483875 0.21866666666666668 0.02025 0.033777777777777775
1 0.484875 0.15088888888888888 0.02425 0.030666666666666665
3 0.51575 0.14022222222222222 0.0165 0.04844444444444444
2 0.5875 0.15844444444444444 0.0205 0.04933333333333333
3 0.46025 0.2833333333333333 0.035 0.025333333333333333
2 0.48625 0.2653333333333333 0.018 0.052444444444444446
2 0.5005 0.2802222222222222 0.014 0.051111111111111114
2 0.569625 0.246 0.04975 0.03777777777777778
2 0.667875 0.3446666666666667 0.01725 0.03155555555555556
2 0.262625 0.9811111111111112 0.02425 0.03777777777777778
2 0.103 0.984 0.0325 0.032
2 0.092875 0.5886666666666667 0.02675 0.04133333333333333
2 0.45625 0.4628888888888889 0.05 0.12222222222222222
2 0.559375 0.5826666666666667 0.02625 0.056
2 0.335125 0.39844444444444443 0.01975 0.030666666666666665
2 0.13125 0.16466666666666666 0.0315 0.042222222222222223
2 0.103 0.794 0.0175 0.06711111111111111
