2 0.868125 0.7428888888888889 0.03125 0.06
2 0.854875 0.732 0.01125 0.020444444444444446
3 0.952125 0.9162222222222223 0.00975 0.03155555555555556
3 0.88725 0.7473333333333333 0.015 0.03333333333333333
2 0.9475 0.768 0.0315 0.05333333333333334
2 0.86275 0.6953333333333334 0.0115 0.018222222222222223
2 0.875625 0.7844444444444445 0.02625 0.04
2 0.915125 0.9417777777777778 0.01525 0.022222222222222223
2 0.7745 0.8733333333333333 0.0175 0.037333333333333336
2 0.7245 0.7348888888888889 0.029 0.06533333333333333
2 0.738625 0.8168888888888889 0.01725 0.04088888888888889
3 0.803 0.7577777777777778 0.012 0.034666666666666665
2 0.7065 0.6882222222222222 0.014 0.023555555555555555
1 0.6945 0.684 0.0145 0.02666666666666667
2 0.60125 0.612 0.004 0.013333333333333334
2 0.68375 0.6233333333333333 0.008 0.023555555555555555
3 0.57675 0.536 0.009 0.04888888888888889
3 0.664375 0.502 0.01625 0.03955555555555555
2 0.77725 0.5695555555555556 0.014 0.024444444444444446
2 0.6205 0.4782222222222222 0.0335 0.06844444444444445
3 0.75275 0.4206666666666667 0.0225 0.035111111111111114
2 0.797375 0.15711111111111112 0.01175 0.020888888888888887
2 0.766625 0.17044444444444445 0.02075 0.04666666666666667
2 0.67225 0.2808888888888889 0.0125 0.02311111111111111
2 0.684375 0.22111111111111112 0.02325 0.042222222222222223
3 0.7805 0.21 0.0255 0.03955555555555555
3 0.712375 0.12622222222222224 0.01575 0.04088888888888889
3 0.68175 0.13044444444444445 0.0145 0.043111111111111114
2 0.731625 0.04088888888888889 0.01475 0.024888888888888887
2 0.628 0.06888888888888889 0.0265 0.035555555555555556
