1 0.4365 0.5411111111111111 0.0125 0.020888888888888887
2 0.422625 0.5486666666666666 0.02025 0.030666666666666665
2 0.386375 0.47955555555555557 0.01675 0.025777777777777778
2 0.47325 0.4731111111111111 0.0155 0.02711111111111111
2 0.4565 0.44466666666666665 0.0305 0.04666666666666667
2 0.4495 0.3688888888888889 0.0165 0.029333333333333333
2 0.465875 0.366 0.01725 0.03244444444444444
1 0.480875 0.336 0.01875 0.016
2 0.497625 0.4691111111111111 0.01375 0.026222222222222223
2 0.49225 0.49133333333333334 0.0225 0.03422222222222222
2 0.522875 0.4451111111111111 0.01075 0.020888888888888887
2 0.589375 0.5262222222222223 0.01375 0.029333333333333333
2 0.623875 0.5188888888888888 0.04075 0.09555555555555556
2 0.70025 0.5922222222222222 0.0425 0.058222222222222224
2 0.7755 0.6242222222222222 0.0255 0.030666666666666665
2 0.75675 0.6002222222222222 0.04 0.08311111111111111
2 0.778875 0.5555555555555556 0.02575 0.021333333333333333
2 0.814875 0.6008888888888889 0.02375 0.034666666666666665
2 0.82675 0.5817777777777777 0.018 0.029333333333333333
3 0.937 0.5593333333333333 0.013 0.04844444444444444
