2 0.06 0.486 0.032 0.042222222222222223
2 0.04925 0.5015555555555555 0.032 0.03866666666666667
2 0.066 0.46111111111111114 0.0185 0.026222222222222223
2 0.050625 0.4537777777777778 0.01775 0.025777777777777778
2 0.079125 0.48 0.01625 0.016888888888888887
2 0.0305 0.5233333333333333 0.019 0.03244444444444444
1 0.162875 0.5062222222222222 0.00925 0.021333333333333333
1 0.130125 0.4802222222222222 0.00625 0.016444444444444446
1 0.05025 0.482 0.008 0.008444444444444444
2 0.1485 0.49622222222222223 0.017 0.029777777777777778
3 0.12325 0.48 0.014 0.025777777777777778
1 0.15175 0.458 0.0125 0.020888888888888887
3 0.1555 0.5231111111111111 0.009 0.017777777777777778
