2 0.203125 0.4431111111111111 0.02225 0.035555555555555556
2 0.164875 0.3708888888888889 0.01775 0.026222222222222223
1 0.217375 0.4351111111111111 0.01275 0.022222222222222223
2 0.255875 0.3631111111111111 0.01625 0.025777777777777778
2 0.238 0.33511111111111114 0.032 0.050666666666666665
2 0.233375 0.2551111111111111 0.01975 0.030222222222222223
2 0.252375 0.2544444444444444 0.01925 0.035111111111111114
1 0.269375 0.2228888888888889 0.02075 0.017333333333333333
2 0.280875 0.35755555555555557 0.01375 0.025333333333333333
2 0.27475 0.38177777777777777 0.0265 0.035555555555555556
2 0.309375 0.33466666666666667 0.01175 0.02311111111111111
2 0.419 0.4151111111111111 0.04 0.09688888888888889
2 0.3815 0.41955555555555557 0.014 0.032
2 0.495125 0.4888888888888889 0.04175 0.057777777777777775
2 0.5785 0.4517777777777778 0.025 0.023555555555555555
2 0.553125 0.4951111111111111 0.04125 0.08177777777777778
2 0.57125 0.5188888888888888 0.025 0.030666666666666665
2 0.626375 0.47844444444444445 0.01825 0.030666666666666665
3 0.743625 0.45422222222222225 0.01275 0.04888888888888889
