2 0.235125 0.7033333333333334 0.02125 0.03333333333333333
2 0.02525 0.48088888888888887 0.035 0.041777777777777775
2 0.634 0.3948888888888889 0.015 0.02711111111111111
2 0.6325 0.42933333333333334 0.022 0.024888888888888887
2 0.61275 0.4497777777777778 0.0245 0.09066666666666667
2 0.35425 0.7775555555555556 0.0525 0.12488888888888888
2 0.461625 0.8926666666666667 0.02575 0.05644444444444444
2 0.4215 0.436 0.0195 0.04622222222222222
2 0.3895 0.5173333333333333 0.0215 0.034666666666666665
2 0.40775 0.5282222222222223 0.0225 0.028888888888888888
2 0.384875 0.5622222222222222 0.02975 0.049777777777777775
