2 0.840875 0.05622222222222222 0.01575 0.02266666666666667
2 0.825125 0.08177777777777778 0.03825 0.048
2 0.86425 0.08044444444444444 0.018 0.035555555555555556
2 0.809875 0.14133333333333334 0.02875 0.09688888888888889
2 0.796375 0.17 0.03075 0.07422222222222222
2 0.883875 0.10311111111111111 0.02475 0.043555555555555556
3 0.30925 0.898 0.051 0.04044444444444444
3 0.259125 0.9237777777777778 0.05175 0.026222222222222223
3 0.513 0.7415555555555555 0.015 0.07333333333333333
3 0.42275 0.5477777777777778 0.019 0.09377777777777778
3 0.294 0.42866666666666664 0.0295 0.08488888888888889
1 0.18625 0.26844444444444443 0.031 0.05333333333333334
1 0.131 0.4548888888888889 0.0265 0.05644444444444444
