2 0.34675 0.9882222222222222 0.025 0.023555555555555555
1 0.805875 0.25377777777777777 0.02825 0.05511111111111111
1 0.748875 0.43266666666666664 0.02675 0.06
3 0.90625 0.4191111111111111 0.0265 0.08622222222222223
3 0.913125 0.8815555555555555 0.05275 0.03866666666666667
3 0.86525 0.906 0.049 0.03333333333333333
2 0.365875 0.8308888888888889 0.02825 0.052
2 0.510375 0.7206666666666667 0.02275 0.036
2 0.433875 0.362 0.01575 0.018222222222222223
3 0.42875 0.6028888888888889 0.0285 0.10266666666666667
2 0.35125 0.5484444444444444 0.0515 0.08711111111111111
