2 0.24625 0.8264444444444444 0.0205 0.035111111111111114
2 0.313 0.89 0.02 0.028
2 0.3795 0.01711111111111111 0.0195 0.03333333333333333
2 0.6545 0.382 0.021 0.04755555555555555
2 0.726375 0.08088888888888889 0.03275 0.027555555555555555
2 0.7645 0.23266666666666666 0.0195 0.025333333333333333
2 0.06275 0.6584444444444445 0.018 0.06622222222222222
2 0.072125 0.5937777777777777 0.02925 0.04
2 0.0905 0.006666666666666667 0.024 0.012444444444444444
2 0.2785 0.024888888888888887 0.0475 0.04888888888888889
2 0.464625 0.06466666666666666 0.01825 0.03333333333333333
2 0.491625 0.07022222222222223 0.02125 0.03111111111111111
2 0.6315 0.16777777777777778 0.026 0.04755555555555555
2 0.5855 0.18244444444444444 0.0335 0.030666666666666665
2 0.44475 0.31466666666666665 0.0585 0.128
2 0.4155 0.5262222222222223 0.0205 0.016888888888888887
2 0.464375 0.5053333333333333 0.01475 0.03111111111111111
