3 0.383 0.4288888888888889 0.0075 0.016
1 0.464375 0.39066666666666666 0.00775 0.013333333333333334
2 0.41925 0.36377777777777776 0.0075 0.021777777777777778
2 0.419375 0.3831111111111111 0.00625 0.008888888888888889
2 0.3995 0.37933333333333336 0.009 0.02
1 0.371875 0.44866666666666666 0.00775 0.009333333333333334
3 0.368875 0.43866666666666665 0.01425 0.008
1 0.364125 0.41444444444444445 0.01025 0.013777777777777778
1 0.35675 0.35777777777777775 0.0065 0.022222222222222223
1 0.428625 0.3368888888888889 0.00675 0.015111111111111112
