2 0.499875 0.9702222222222222 0.02025 0.024
2 0.5685 0.7322222222222222 0.0185 0.03244444444444444
2 0.416125 0.8422222222222222 0.01525 0.027555555555555555
2 0.188625 0.29733333333333334 0.02125 0.04
2 0.01125 0.664 0.022 0.04533333333333334
2 0.00675 0.8715555555555555 0.013 0.044444444444444446
2 0.294125 0.9246666666666666 0.01875 0.035111111111111114
2 0.331375 0.9895555555555555 0.03925 0.020888888888888887
2 0.350625 0.954 0.01575 0.03244444444444444
1 0.399375 0.9853333333333333 0.02025 0.02311111111111111
