2 0.728375 0.2431111111111111 0.02925 0.060444444444444446
3 0.726125 0.3237777777777778 0.01325 0.03333333333333333
3 0.73325 0.30333333333333334 0.0115 0.03244444444444444
3 0.72225 0.2882222222222222 0.006 0.02711111111111111
3 0.748875 0.24666666666666667 0.00975 0.025777777777777778
2 0.291 0.918 0.005 0.008444444444444444
1 0.433 0.5402222222222223 0.011 0.01911111111111111
3 0.444 0.5095555555555555 0.0135 0.026222222222222223
2 0.412 0.5191111111111111 0.0095 0.016
3 0.40125 0.5404444444444444 0.011 0.027555555555555555
