2 0.183375 0.6988888888888889 0.02525 0.04044444444444444
2 0.283375 0.8604444444444445 0.02675 0.04
2 0.377 0.5631111111111111 0.014 0.022222222222222223
2 0.39125 0.5584444444444444 0.006 0.014666666666666666
2 0.383875 0.5442222222222223 0.01475 0.018222222222222223
2 0.50075 0.44822222222222224 0.0095 0.015555555555555555
2 0.64225 0.3 0.01 0.018666666666666668
2 0.664 0.31244444444444447 0.007 0.025777777777777778
2 0.76225 0.45022222222222225 0.013 0.024888888888888887
2 0.759 0.41933333333333334 0.012 0.02
2 0.664375 0.582 0.01175 0.01911111111111111
2 0.646 0.5924444444444444 0.011 0.02666666666666667
2 0.868625 0.6466666666666666 0.02675 0.06666666666666667
