2 0.4775 0.5157777777777778 0.0065 0.013777777777777778
2 0.726125 0.5482222222222223 0.00825 0.028888888888888888
2 0.633375 0.5904444444444444 0.01275 0.018222222222222223
2 0.635375 0.5517777777777778 0.01325 0.012
2 0.622 0.5777777777777777 0.023 0.042666666666666665
2 0.5285 0.5437777777777778 0.0085 0.017333333333333333
2 0.548 0.5382222222222223 0.0215 0.05333333333333334
2 0.46425 0.5193333333333333 0.0095 0.014666666666666666
2 0.454375 0.5053333333333333 0.01525 0.024
2 0.47525 0.5286666666666666 0.013 0.02
