2 0.5605 0.6831111111111111 0.0405 0.06844444444444445
3 0.543375 0.7475555555555555 0.01575 0.02666666666666667
2 0.110625 0.5348888888888889 0.00975 0.013777777777777778
2 0.18625 0.30955555555555553 0.0135 0.017333333333333333
2 0.181 0.286 0.0165 0.023555555555555555
2 0.201625 0.30733333333333335 0.01375 0.020888888888888887
2 0.1915 0.33511111111111114 0.022 0.043555555555555556
2 0.1705 0.32022222222222224 0.0215 0.044
2 0.167875 0.29444444444444445 0.01725 0.018222222222222223
2 0.154625 0.2368888888888889 0.01275 0.022222222222222223
