2 0.52675 0.314 0.007 0.02711111111111111
2 0.505125 0.2982222222222222 0.01075 0.021333333333333333
2 0.52575 0.5997777777777777 0.012 0.028888888888888888
2 0.513375 0.5982222222222222 0.01525 0.042666666666666665
2 0.62175 0.4088888888888889 0.0105 0.011555555555555555
2 0.625375 0.4271111111111111 0.01275 0.018666666666666668
2 0.627625 0.45711111111111113 0.01325 0.020888888888888887
2 0.776375 0.728 0.03775 0.050666666666666665
2 0.2245 0.556 0.0055 0.008
2 0.2335 0.5595555555555556 0.0055 0.013333333333333334
2 0.22575 0.5437777777777778 0.015 0.01911111111111111
2 0.216625 0.5628888888888889 0.01075 0.02266666666666667
2 0.14575 0.8404444444444444 0.0315 0.032
2 0.113 0.8753333333333333 0.0305 0.029777777777777778
