1 0.84425 0.3371111111111111 0.018 0.020888888888888887
2 0.708375 0.4053333333333333 0.00825 0.021333333333333333
2 0.74275 0.36177777777777775 0.014 0.024
3 0.81275 0.3517777777777778 0.0155 0.04755555555555555
3 0.7985 0.5575555555555556 0.0215 0.04933333333333333
2 0.75725 0.6357777777777778 0.024 0.04044444444444444
1 0.847375 0.5364444444444444 0.01975 0.017777777777777778
1 0.72925 0.6153333333333333 0.012 0.03244444444444444
3 0.685 0.5948888888888889 0.0245 0.018222222222222223
3 0.626625 0.6842222222222222 0.01125 0.03866666666666667
3 0.586875 0.4855555555555556 0.02625 0.015555555555555555
3 0.490625 0.1322222222222222 0.01225 0.059111111111111114
2 0.54225 0.5088888888888888 0.021 0.025777777777777778
3 0.5455 0.5428888888888889 0.0105 0.04488888888888889
3 0.322625 0.46066666666666667 0.02375 0.036
2 0.2375 0.418 0.0215 0.03155555555555556
