2 0.01325 0.8062222222222222 0.017 0.029333333333333333
2 0.13525 0.7071111111111111 0.012 0.018666666666666668
2 0.06975 0.8288888888888889 0.018 0.012444444444444444
2 0.086625 0.32622222222222225 0.01525 0.018666666666666668
2 0.168625 0.3371111111111111 0.02175 0.04666666666666667
2 0.184875 0.26955555555555555 0.00675 0.02711111111111111
2 0.237875 0.5642222222222222 0.00625 0.015555555555555555
2 0.235625 0.47888888888888886 0.02725 0.05288888888888889
2 0.380125 0.45644444444444443 0.00975 0.011555555555555555
2 0.327625 0.5166666666666667 0.00925 0.020888888888888887
1 0.382875 0.32 0.00975 0.014222222222222223
3 0.38025 0.33266666666666667 0.0145 0.021777777777777778
2 0.3255 0.30977777777777776 0.0095 0.016
2 0.311875 0.3164444444444444 0.01325 0.04
2 0.30275 0.4255555555555556 0.0165 0.013777777777777778
2 0.3255 0.42155555555555557 0.0125 0.023555555555555555
