2 0.55 0.6993333333333334 0.0175 0.03244444444444444
2 0.556875 0.7333333333333333 0.02325 0.044444444444444446
2 0.550625 0.09111111111111111 0.01825 0.033777777777777775
2 0.032375 0.6068888888888889 0.03625 0.035111111111111114
2 0.395375 0.19377777777777777 0.01425 0.021333333333333333
2 0.329625 0.3028888888888889 0.01525 0.030666666666666665
2 0.27275 0.27466666666666667 0.0195 0.024888888888888887
1 0.379125 0.3357777777777778 0.02025 0.018222222222222223
2 0.315625 0.37244444444444447 0.04775 0.088
3 0.23025 0.44466666666666665 0.0275 0.043111111111111114
2 0.44575 0.486 0.065 0.06177777777777778
2 0.595125 0.6513333333333333 0.01325 0.03244444444444444
2 0.584 0.4648888888888889 0.0185 0.03822222222222222
2 0.551875 0.5082222222222222 0.04125 0.04488888888888889
2 0.4975 0.5066666666666667 0.0205 0.036444444444444446
