2 0.518 0.6035555555555555 0.0195 0.034666666666666665
2 0.53025 0.5844444444444444 0.0155 0.028444444444444446
2 0.20175 0.5057777777777778 0.0255 0.03288888888888889
2 0.184875 0.4886666666666667 0.01575 0.024444444444444446
2 0.10125 0.4955555555555556 0.0165 0.025777777777777778
2 0.168625 0.46044444444444443 0.02925 0.04533333333333334
2 0.16425 0.38711111111111113 0.0195 0.027555555555555555
2 0.183 0.3848888888888889 0.017 0.032
1 0.19775 0.35533333333333333 0.0205 0.016444444444444446
2 0.20825 0.4817777777777778 0.014 0.024
1 0.150125 0.5537777777777778 0.01175 0.021333333333333333
2 0.13675 0.5624444444444444 0.0215 0.03333333333333333
2 0.234125 0.4597777777777778 0.01075 0.021777777777777778
2 0.3015 0.5362222222222223 0.0155 0.029777777777777778
2 0.337625 0.5288888888888889 0.03975 0.09155555555555556
2 0.408125 0.5968888888888889 0.03975 0.05688888888888889
2 0.48725 0.5606666666666666 0.023 0.02
2 0.46225 0.6035555555555555 0.0395 0.08177777777777778
2 0.479375 0.6235555555555555 0.02375 0.03111111111111111
2 0.389375 0.9746666666666667 0.01275 0.035555555555555556
2 0.483625 0.9773333333333334 0.02375 0.03111111111111111
2 0.451 0.9633333333333334 0.0155 0.020888888888888887
2 0.489 0.8873333333333333 0.0195 0.03422222222222222
3 0.638375 0.562 0.01275 0.04933333333333333
