2 0.573625 0.5293333333333333 0.01025 0.015111111111111112
2 0.599125 0.5837777777777777 0.02975 0.04933333333333333
1 0.6315 0.5626666666666666 0.0125 0.009777777777777778
3 0.553125 0.622 0.01475 0.024444444444444446
2 0.450375 0.7086666666666667 0.01625 0.017333333333333333
2 0.41325 0.48155555555555557 0.01 0.012888888888888889
2 0.415625 0.49822222222222223 0.01325 0.022222222222222223
2 0.364 0.5233333333333333 0.0095 0.01911111111111111
3 0.374875 0.5122222222222222 0.01175 0.02266666666666667
2 0.38275 0.4871111111111111 0.015 0.014222222222222223
2 0.385125 0.4688888888888889 0.01075 0.024
2 0.41525 0.3888888888888889 0.0155 0.02311111111111111
2 0.387875 0.3688888888888889 0.01325 0.025777777777777778
2 0.338125 0.27555555555555555 0.02975 0.050666666666666665
