2 0.417375 0.6111111111111112 0.01925 0.02666666666666667
2 0.3615 0.49822222222222223 0.0225 0.032
2 0.34975 0.44266666666666665 0.0455 0.08
2 0.31975 0.5093333333333333 0.028 0.04622222222222222
2 0.1785 0.8084444444444444 0.0255 0.037333333333333336
2 0.557625 0.47444444444444445 0.02525 0.04666666666666667
2 0.5805 0.444 0.0205 0.03111111111111111
2 0.5625 0.4295555555555556 0.0195 0.029777777777777778
3 0.59275 0.35155555555555557 0.015 0.04711111111111111
1 0.81775 0.32555555555555554 0.0095 0.02
2 0.79925 0.3268888888888889 0.0265 0.025333333333333333
2 0.80725 0.316 0.0235 0.03288888888888889
2 0.809 0.3468888888888889 0.0325 0.02
2 0.783 0.3662222222222222 0.023 0.08622222222222223
2 0.63975 0.8002222222222222 0.023 0.05288888888888889
2 0.54075 0.6873333333333334 0.0535 0.11511111111111111
2 0.21775 0.39066666666666666 0.0305 0.042666666666666665
