1 0.852875 0.9877777777777778 0.01825 0.024444444444444446
3 0.99775 0.8664444444444445 0.0045 0.025333333333333333
3 0.96975 0.9253333333333333 0.0125 0.04888888888888889
2 0.97975 0.7246666666666667 0.028 0.04755555555555555
3 0.911125 0.8833333333333333 0.01525 0.04133333333333333
3 0.843 0.7202222222222222 0.012 0.03244444444444444
2 0.78525 0.7784444444444445 0.017 0.04044444444444444
2 0.654875 0.5931111111111111 0.00425 0.011111111111111112
2 0.71675 0.2831111111111111 0.01 0.022222222222222223
2 0.662 0.5144444444444445 0.022 0.04488888888888889
2 0.6765 0.30444444444444446 0.02 0.027555555555555555
2 0.727375 0.23244444444444445 0.02175 0.037333333333333336
2 0.798 0.3328888888888889 0.0225 0.044444444444444446
2 0.830125 0.16133333333333333 0.01275 0.018666666666666668
2 0.803 0.17733333333333334 0.019 0.04533333333333334
2 0.769125 0.059333333333333335 0.01325 0.023555555555555555
