2 0.67825 0.4497777777777778 0.0235 0.025777777777777778
3 0.68175 0.486 0.0115 0.04755555555555555
3 0.725625 0.4268888888888889 0.02775 0.016444444444444446
3 0.76475 0.6357777777777778 0.0125 0.03955555555555555
3 0.82575 0.5424444444444444 0.026 0.01911111111111111
3 0.956375 0.29244444444444445 0.01525 0.04622222222222222
2 0.84975 0.3471111111111111 0.009 0.02311111111111111
2 0.884625 0.3022222222222222 0.01425 0.024
3 0.94225 0.5071111111111111 0.023 0.050666666666666665
1 0.87075 0.564 0.011 0.03288888888888889
1 0.99025 0.48577777777777775 0.0195 0.016
1 0.99 0.2782222222222222 0.0195 0.020444444444444446
3 0.62775 0.058444444444444445 0.0135 0.06
3 0.45225 0.3968888888888889 0.0235 0.036444444444444446
2 0.365375 0.3486666666666667 0.02325 0.029777777777777778
