3 0.375375 0.8413333333333334 0.03275 0.024888888888888887
1 0.709875 0.3928888888888889 0.01125 0.032
3 0.64075 0.16577777777777777 0.0215 0.030222222222222223
3 0.447875 0.40644444444444444 0.02475 0.020888888888888887
2 0.385375 0.3631111111111111 0.01525 0.022222222222222223
2 0.241625 0.5668888888888889 0.02325 0.03244444444444444
3 0.24325 0.5328888888888889 0.015 0.050666666666666665
2 0.25775 0.5024444444444445 0.0085 0.020888888888888887
2 0.29575 0.7202222222222222 0.0235 0.03688888888888889
1 0.2115 0.6066666666666667 0.01 0.032
1 0.21325 0.5351111111111111 0.017 0.022222222222222223
3 0.078375 0.49777777777777776 0.02475 0.036444444444444446
