2 0.659500 0.784889 0.022500 0.030222
2 0.659500 0.804889 0.022500 0.009778
2 0.785250 0.777778 0.016500 0.036889
1 0.852500 0.988000 0.014750 0.024000
3 0.844250 0.721778 0.011000 0.032889
3 0.910750 0.883556 0.015500 0.038222
3 0.970000 0.925778 0.010500 0.048444
3 0.997625 0.864889 0.004750 0.028444
2 0.979000 0.725333 0.030000 0.049778
2 0.769000 0.057778 0.014000 0.024889
2 0.786750 0.056889 0.010500 0.025333
2 0.571750 0.506222 0.011000 0.016444
2 0.581750 0.541333 0.025500 0.046667
2 0.554750 0.536000 0.019000 0.039556
3 0.566250 0.532889 0.009500 0.044889
3 0.563500 0.567556 0.013250 0.038667
2 0.654750 0.593333 0.003750 0.011111
2 0.662250 0.512444 0.019500 0.044889
2 0.936250 0.118667 0.020000 0.043111
2 0.830500 0.161778 0.011750 0.019556
2 0.793937 0.330222 0.012125 0.042667
2 0.804813 0.330222 0.009625 0.042667
2 0.796625 0.176889 0.006750 0.044889
2 0.805875 0.176889 0.011750 0.044889
2 0.727500 0.231111 0.022250 0.039556
2 0.716750 0.283111 0.010750 0.024000
2 0.701750 0.282222 0.011250 0.021778
2 0.677250 0.304000 0.018750 0.025778
