3 0.643500 0.185000 0.015500 0.030000
3 0.643500 0.208778 0.015500 0.017556
2 0.645750 0.276000 0.014000 0.023111
3 0.675750 0.289778 0.015750 0.050222
2 0.897250 0.237333 0.027000 0.036444
2 0.993375 0.233778 0.013250 0.052000
2 0.893750 0.509333 0.023000 0.032000
2 0.881500 0.532889 0.013000 0.027111
2 0.774250 0.879556 0.026750 0.052889
3 0.640000 0.733333 0.011500 0.040000
3 0.578250 0.464889 0.025250 0.016444
3 0.379750 0.864444 0.030750 0.021333
3 0.503500 0.785667 0.024000 0.028667
3 0.503500 0.807222 0.024000 0.014444
3 0.485000 0.749778 0.013250 0.041778
2 0.544250 0.586889 0.016000 0.026222
2 0.544250 0.602000 0.016000 0.004000
2 0.460500 0.503556 0.016750 0.035111
2 0.433500 0.485333 0.021250 0.043556
2 0.010750 0.377222 0.019750 0.045556
2 0.010750 0.401000 0.019750 0.002000
