3 0.558500 0.306667 0.011250 0.050667
2 0.581000 0.444444 0.028750 0.048000
2 0.572250 0.492444 0.011250 0.019556
3 0.583750 0.566667 0.015500 0.040889
2 0.661500 0.512444 0.020750 0.046222
2 0.550250 0.537333 0.020750 0.039556
2 0.644250 0.785556 0.022500 0.028889
2 0.644250 0.804222 0.022500 0.008444
2 0.935750 0.144889 0.019500 0.043111
2 0.676500 0.303111 0.019250 0.024000
2 0.687000 0.282667 0.010750 0.024444
2 0.716250 0.282667 0.011750 0.023111
2 0.727000 0.231556 0.022500 0.040444
2 0.787000 0.035111 0.010000 0.024000
2 0.769250 0.058222 0.013500 0.024000
2 0.796875 0.176889 0.006250 0.043111
2 0.806625 0.176889 0.013250 0.043111
2 0.831500 0.162222 0.011750 0.019556
2 0.794188 0.329333 0.011625 0.043111
2 0.805063 0.329333 0.010125 0.043111
2 0.785250 0.779111 0.016000 0.038222
3 0.844250 0.721333 0.010000 0.031111
2 0.979250 0.725333 0.029750 0.047556
3 0.997625 0.865333 0.004750 0.027111
3 0.970250 0.925333 0.011250 0.048000
1 0.853000 0.988222 0.014500 0.023556
3 0.910500 0.883556 0.015500 0.037778
