2 0.645000 0.276000 0.014000 0.023111
3 0.642500 0.184667 0.014250 0.030667
3 0.642500 0.208667 0.014250 0.017333
3 0.675500 0.290222 0.014750 0.048889
2 0.896000 0.236889 0.025750 0.036889
2 0.993375 0.233333 0.013250 0.052889
2 0.893500 0.509778 0.022250 0.033333
2 0.881250 0.537778 0.012500 0.024889
2 0.774250 0.880000 0.025500 0.051111
3 0.639500 0.733778 0.012000 0.041333
3 0.379500 0.831111 0.027750 0.019111
3 0.379750 0.864889 0.028000 0.020889
3 0.484750 0.749333 0.010750 0.040000
3 0.586500 0.733778 0.012000 0.039111
3 0.502500 0.787111 0.024250 0.025778
3 0.502500 0.805778 0.024250 0.011555
3 0.503000 0.738667 0.022500 0.039556
3 0.472250 0.685778 0.011750 0.036444
2 0.536250 0.591667 0.016250 0.016667
2 0.536250 0.605667 0.016250 0.011333
2 0.459500 0.504444 0.021250 0.030667
2 0.425000 0.536444 0.019250 0.037778
2 0.432250 0.484000 0.021250 0.041333
2 0.010500 0.376000 0.020750 0.047111
