2 0.365000 0.358222 0.015750 0.037778
3 0.387750 0.530667 0.022000 0.036889
3 0.411750 0.508000 0.010750 0.037333
3 0.472500 0.487556 0.010750 0.038667
2 0.421250 0.386333 0.016750 0.027334
2 0.421250 0.401667 0.016750 0.003333
2 0.619750 0.474667 0.011250 0.020889
2 0.634000 0.195445 0.026750 0.009111
2 0.634000 0.215223 0.026750 0.030445
2 0.630750 0.447111 0.026500 0.029778
3 0.577750 0.167111 0.014750 0.044444
2 0.579750 0.249778 0.012500 0.023556
3 0.379250 0.664444 0.028000 0.020000
3 0.378500 0.694222 0.029250 0.019111
2 0.710750 0.756000 0.027000 0.050667
3 0.675500 0.290222 0.014750 0.048889
2 0.993375 0.233333 0.013250 0.052889
3 0.639500 0.733778 0.012000 0.041333
3 0.379750 0.864889 0.028000 0.020889
3 0.484750 0.749333 0.010750 0.040000
3 0.502500 0.787111 0.024250 0.025778
3 0.502500 0.805778 0.024250 0.011555
2 0.459500 0.504444 0.021250 0.030667
2 0.432250 0.484000 0.021250 0.041333
2 0.010500 0.376000 0.020750 0.047111
