3 0.997188 0.864889 0.005625 0.029778
3 0.970250 0.925333 0.013250 0.050667
2 0.798625 0.488444 0.002750 0.032889
2 0.810125 0.488444 0.020250 0.032889
2 0.795438 0.513333 0.009125 0.023556
2 0.801562 0.513333 0.003125 0.023556
2 0.716750 0.857333 0.026500 0.051111
1 0.852500 0.987000 0.014500 0.026000
3 0.911000 0.883556 0.015000 0.038222
2 0.785000 0.778222 0.015250 0.036889
3 0.844000 0.721333 0.011250 0.032444
2 0.979250 0.724444 0.029500 0.051111
2 0.937250 0.231111 0.015500 0.049333
2 0.769250 0.058222 0.013250 0.024000
2 0.863750 0.169778 0.026000 0.037333
2 0.831000 0.161778 0.011750 0.018667
2 0.796687 0.177333 0.006625 0.044889
2 0.806312 0.177333 0.012625 0.044889
2 0.794188 0.328889 0.011625 0.042222
2 0.805063 0.328889 0.010125 0.042222
2 0.727000 0.231556 0.022250 0.039556
3 0.667750 0.255556 0.014250 0.046222
2 0.716750 0.282667 0.011500 0.023111
2 0.700000 0.337778 0.013000 0.022667
2 0.677000 0.302667 0.018250 0.024444
3 0.598438 0.464000 0.003125 0.015556
3 0.610313 0.464000 0.020625 0.015556
2 0.662000 0.512444 0.019500 0.045333
2 0.470000 0.572000 0.015500 0.026667
