2 0.379500 0.734667 0.020500 0.031556
2 0.224500 0.010222 0.014750 0.019556
2 0.281250 0.500000 0.040750 0.052889
2 0.475750 0.323111 0.018750 0.041778
2 0.688250 0.107111 0.018500 0.037333
2 0.700750 0.088444 0.017250 0.033778
3 0.719000 0.118667 0.025500 0.028889
3 0.779500 0.139556 0.019000 0.022667
3 0.807750 0.071556 0.012500 0.052000
2 0.559250 0.460000 0.012000 0.034222
2 0.538500 0.424889 0.014250 0.024000
2 0.469750 0.653778 0.023000 0.034222
2 0.537500 0.598778 0.018250 0.002444
2 0.537500 0.619889 0.018250 0.039778
2 0.677250 0.520444 0.023750 0.035111
2 0.654750 0.466667 0.024500 0.027111
2 0.659500 0.380444 0.019750 0.034667
1 0.319500 0.033778 0.011000 0.027556
2 0.306500 0.041333 0.021250 0.037333
2 0.440250 0.081333 0.012500 0.028444
2 0.471000 0.027111 0.014750 0.028444
2 0.654750 0.067111 0.023250 0.023556
2 0.649750 0.122222 0.021750 0.033333
2 0.631250 0.104889 0.039250 0.074667
2 0.577250 0.094222 0.040500 0.049778
2 0.504500 0.037778 0.038750 0.075111
