2 0.031250 0.934667 0.032000 0.042667
3 0.919250 0.584000 0.036250 0.024889
2 0.314000 0.661778 0.013000 0.029333
2 0.728250 0.683556 0.030250 0.042667
2 0.095000 0.681333 0.082500 0.090222
2 0.443750 0.582334 0.033000 0.035333
2 0.443750 0.614556 0.033000 0.029111
2 0.454500 0.278667 0.028500 0.040000
3 0.474250 0.681778 0.030750 0.032889
2 0.357250 0.765333 0.018750 0.019111
2 0.386000 0.744889 0.022750 0.042667
2 0.419250 0.896444 0.018750 0.065333
2 0.596000 0.305333 0.008000 0.094222
2 0.625250 0.305333 0.050500 0.094222
2 0.655000 0.163111 0.017000 0.056000
2 0.890250 0.187667 0.022750 0.024667
2 0.890250 0.203000 0.022750 0.006000
2 0.892500 0.268444 0.026750 0.080889
2 0.887500 0.283111 0.014500 0.049778
2 0.922250 0.256444 0.024250 0.036444
2 0.704250 0.315556 0.019000 0.044444
2 0.774500 0.370222 0.018000 0.030222
2 0.793375 0.377778 0.013250 0.032444
2 0.803375 0.377778 0.006750 0.032444
2 0.997437 0.405778 0.005125 0.008889
2 0.925000 0.482222 0.025000 0.045778
2 0.948500 0.692444 0.017250 0.042667
2 0.750500 0.843556 0.019250 0.029778
2 0.784000 0.790333 0.018000 0.019334
2 0.784000 0.806111 0.018000 0.012222
2 0.887250 0.496000 0.030250 0.027111
2 0.762000 0.577111 0.062500 0.045778
2 0.762000 0.631778 0.062500 0.063555
