3 0.879250 0.222667 0.039500 0.025778
2 0.325250 0.187555 0.033750 0.024889
2 0.325250 0.218666 0.033750 0.037333
2 0.021250 0.903111 0.024500 0.050667
3 0.422500 0.352889 0.031250 0.031111
3 0.386188 0.394556 0.027625 0.010889
3 0.386188 0.410778 0.027625 0.021555
3 0.401813 0.394556 0.003625 0.010889
3 0.401813 0.410778 0.003625 0.021555
2 0.256000 0.525778 0.018250 0.021333
2 0.296750 0.250667 0.034000 0.064000
3 0.788813 0.149778 0.022375 0.019556
3 0.804938 0.149778 0.009875 0.019556
3 0.997125 0.399444 0.005750 0.001111
3 0.997125 0.405444 0.005750 0.010889
3 0.850000 0.321778 0.037500 0.024444
2 0.274000 0.760000 0.017750 0.019111
2 0.072500 0.884444 0.025000 0.050222
2 0.128000 0.260889 0.082000 0.092444
