2 0.315750 0.850667 0.011000 0.032889
2 0.214000 0.784667 0.020500 0.030667
2 0.214000 0.811556 0.020500 0.023111
2 0.279750 0.284000 0.023000 0.030222
2 0.265875 0.190667 0.045750 0.018667
2 0.265875 0.236444 0.045750 0.072889
2 0.236375 0.292667 0.028750 0.047556
2 0.502875 0.233778 0.022750 0.033778
2 0.483875 0.218667 0.020250 0.033778
1 0.484875 0.150889 0.024250 0.030667
3 0.515750 0.140222 0.016500 0.048444
2 0.587500 0.158444 0.020500 0.049333
3 0.460250 0.283333 0.035000 0.025333
2 0.486250 0.265333 0.018000 0.052444
2 0.500500 0.280222 0.014000 0.051111
2 0.569625 0.246000 0.049750 0.037778
2 0.667875 0.344667 0.017250 0.031556
2 0.262625 0.981111 0.024250 0.037778
2 0.103000 0.984000 0.032500 0.032000
2 0.092875 0.584000 0.026750 0.032000
2 0.092875 0.604667 0.026750 0.009333
2 0.456250 0.462889 0.050000 0.122222
2 0.559375 0.577333 0.026250 0.045333
2 0.559375 0.605333 0.026250 0.010667
2 0.335125 0.391556 0.019750 0.016889
2 0.335125 0.406889 0.019750 0.013778
2 0.131250 0.164667 0.031500 0.042222
2 0.103000 0.780222 0.017500 0.039556
2 0.103000 0.813778 0.017500 0.027556
