2 0.301000 0.782889 0.026000 0.034222
2 0.301000 0.800000 0.026000 0.000000
2 0.510750 0.624000 0.023000 0.031111
2 0.713250 0.599778 0.035000 0.000444
2 0.713250 0.620222 0.035000 0.040444
2 0.612625 0.786222 0.022250 0.027556
2 0.612625 0.802222 0.022250 0.004444
2 0.638750 0.808444 0.008000 0.011556
2 0.989000 0.058889 0.012000 0.029778
2 0.975125 0.058889 0.020750 0.047556
2 0.712125 0.003556 0.005750 0.006222
2 0.696250 0.007111 0.010500 0.013333
2 0.632125 0.288444 0.024250 0.041778
2 0.592875 0.304444 0.014250 0.030222
2 0.606875 0.304444 0.013750 0.030222
2 0.429500 0.179111 0.024500 0.041778
2 0.429500 0.202000 0.024500 0.004000
