2 0.840875 0.056222 0.015750 0.022667
2 0.825125 0.081778 0.038250 0.048000
2 0.864250 0.080444 0.018000 0.035556
2 0.797750 0.141333 0.004500 0.096889
2 0.812125 0.141333 0.024250 0.096889
2 0.790500 0.166444 0.019000 0.067111
2 0.790500 0.203556 0.019000 0.007111
2 0.805875 0.166444 0.011750 0.067111
2 0.805875 0.203556 0.011750 0.007111
2 0.883875 0.103111 0.024750 0.043556
3 0.309250 0.898000 0.051000 0.040444
3 0.259125 0.923778 0.051750 0.026222
3 0.513000 0.741556 0.015000 0.073333
3 0.422750 0.547778 0.019000 0.093778
3 0.294000 0.393111 0.029500 0.013778
3 0.294000 0.435556 0.029500 0.071111
1 0.185375 0.268444 0.029250 0.053333
1 0.200875 0.268444 0.001750 0.053333
1 0.131000 0.454889 0.026500 0.056444
