1 0.852875 0.987778 0.018250 0.024444
3 0.997750 0.866444 0.004500 0.025333
3 0.969750 0.925333 0.012500 0.048889
2 0.979750 0.724667 0.028000 0.047556
3 0.911125 0.883333 0.015250 0.041333
3 0.843000 0.720222 0.012000 0.032444
2 0.785250 0.778444 0.017000 0.040444
2 0.654875 0.593111 0.004250 0.011111
2 0.716750 0.283111 0.010000 0.022222
2 0.662000 0.514444 0.022000 0.044889
2 0.676500 0.304444 0.020000 0.027556
2 0.727375 0.232444 0.021750 0.037333
2 0.793375 0.332889 0.013250 0.044444
2 0.804625 0.332889 0.009250 0.044444
2 0.830125 0.161333 0.012750 0.018667
2 0.796750 0.177333 0.006500 0.045333
2 0.796750 0.200000 0.006500 0.000000
2 0.806250 0.177333 0.012500 0.045333
2 0.806250 0.200000 0.012500 0.000000
2 0.769125 0.059333 0.013250 0.023556
