2 0.013250 0.795778 0.017000 0.008444
2 0.013250 0.810444 0.017000 0.020889
2 0.135250 0.707111 0.012000 0.018667
2 0.069750 0.828889 0.018000 0.012444
2 0.086625 0.326222 0.015250 0.018667
2 0.168625 0.337111 0.021750 0.046667
2 0.184875 0.269556 0.006750 0.027111
2 0.237875 0.564222 0.006250 0.015556
2 0.235625 0.478889 0.027250 0.052889
2 0.380125 0.456444 0.009750 0.011556
2 0.327625 0.516667 0.009250 0.020889
1 0.382875 0.320000 0.009750 0.014222
3 0.380250 0.332667 0.014500 0.021778
2 0.325500 0.309778 0.009500 0.016000
2 0.311875 0.316444 0.013250 0.040000
2 0.302750 0.425556 0.016500 0.013778
2 0.325500 0.421556 0.012500 0.023556
