2 0.518000 0.593111 0.019500 0.013778
2 0.518000 0.610444 0.019500 0.020889
2 0.530250 0.584444 0.015500 0.028444
2 0.194500 0.505778 0.011000 0.032889
2 0.207250 0.505778 0.014500 0.032889
2 0.184875 0.488667 0.015750 0.024444
2 0.101250 0.495556 0.016500 0.025778
2 0.168625 0.460444 0.029250 0.045333
2 0.164250 0.386667 0.019500 0.026667
2 0.164250 0.400444 0.019500 0.000889
2 0.183000 0.384444 0.017000 0.031111
2 0.183000 0.400444 0.017000 0.000889
1 0.193750 0.355333 0.012500 0.016444
1 0.204000 0.355333 0.008000 0.016444
2 0.208250 0.481778 0.014000 0.024000
1 0.150125 0.553778 0.011750 0.021333
2 0.136750 0.562444 0.021500 0.033333
2 0.234125 0.459778 0.010750 0.021778
2 0.301500 0.536222 0.015500 0.029778
2 0.337625 0.528889 0.039750 0.091556
2 0.394125 0.584222 0.011750 0.031556
2 0.394125 0.612667 0.011750 0.025333
2 0.414000 0.584222 0.028000 0.031556
2 0.414000 0.612667 0.028000 0.025333
2 0.487250 0.560667 0.023000 0.020000
2 0.462250 0.581333 0.039500 0.037333
2 0.462250 0.622222 0.039500 0.044444
2 0.479375 0.623556 0.023750 0.031111
2 0.389375 0.974667 0.012750 0.035556
2 0.483625 0.977333 0.023750 0.031111
2 0.451000 0.963333 0.015500 0.020889
2 0.489000 0.887333 0.019500 0.034222
3 0.638375 0.562000 0.012750 0.049333
