2 0.393500 0.916222 0.013000 0.055556
2 0.405250 0.916222 0.010500 0.055556
2 0.388125 0.914000 0.013750 0.027111
2 0.396750 0.796000 0.006500 0.008000
2 0.396750 0.810889 0.006500 0.021778
2 0.401250 0.796000 0.002500 0.008000
2 0.401250 0.810889 0.002500 0.021778
2 0.397750 0.508000 0.004500 0.021333
2 0.404875 0.508000 0.009750 0.021333
2 0.385375 0.708667 0.010250 0.020000
2 0.449500 0.561556 0.013000 0.021778
2 0.463875 0.530667 0.020750 0.040889
2 0.481750 0.536667 0.014000 0.012889
2 0.494500 0.580444 0.009500 0.017778
2 0.497500 0.609778 0.009000 0.014222
2 0.506625 0.598667 0.009750 0.002667
2 0.506625 0.606667 0.009750 0.013333
2 0.505875 0.563556 0.013250 0.024000
1 0.522875 0.572000 0.009750 0.016889
3 0.554750 0.549111 0.016500 0.015556
2 0.599125 0.531333 0.001750 0.023556
2 0.611000 0.531333 0.022000 0.023556
2 0.618125 0.489333 0.010250 0.020444
2 0.656250 0.559556 0.012500 0.016889
