2 0.527500 0.657333 0.010500 0.024889
2 0.565375 0.598222 0.015250 0.003556
2 0.565375 0.610889 0.015250 0.021778
2 0.582875 0.906889 0.029250 0.051111
1 0.677500 0.582444 0.020000 0.020889
1 0.680750 0.794667 0.020000 0.010667
1 0.680750 0.804444 0.020000 0.008889
1 0.551000 0.887778 0.011000 0.036889
3 0.641250 0.585778 0.015000 0.028444
3 0.641250 0.610222 0.015000 0.020444
3 0.627125 0.798444 0.023750 0.003111
3 0.627125 0.826000 0.023750 0.052000
3 0.502750 0.866444 0.025500 0.020889
3 0.438125 0.966222 0.012250 0.041778
3 0.540625 0.092667 0.024750 0.044000
3 0.289625 0.364444 0.013250 0.062222
2 0.346375 0.774889 0.025750 0.024444
3 0.349125 0.793333 0.011750 0.013333
3 0.349125 0.819111 0.011750 0.038222
3 0.391125 0.746444 0.017750 0.020889
3 0.405250 0.746444 0.010500 0.020889
3 0.101625 0.725778 0.026250 0.039111
2 0.010250 0.678444 0.020000 0.033333
