2 0.573625 0.529333 0.010250 0.015111
2 0.592125 0.579556 0.015750 0.040889
2 0.592125 0.604222 0.015750 0.008444
2 0.607000 0.579556 0.014000 0.040889
2 0.607000 0.604222 0.014000 0.008444
1 0.631500 0.562667 0.012500 0.009778
3 0.553125 0.622000 0.014750 0.024444
2 0.450375 0.708667 0.016250 0.017333
2 0.413250 0.481556 0.010000 0.012889
2 0.415625 0.498222 0.013250 0.022222
2 0.364000 0.523333 0.009500 0.019111
3 0.374875 0.512222 0.011750 0.022667
2 0.382750 0.487111 0.015000 0.014222
2 0.385125 0.468889 0.010750 0.024000
2 0.415250 0.388667 0.015500 0.022667
2 0.415250 0.400222 0.015500 0.000444
2 0.387875 0.368889 0.013250 0.025778
2 0.338125 0.275556 0.029750 0.050667
