2 0.420625 0.287778 0.009750 0.013778
2 0.375250 0.590889 0.014500 0.018222
2 0.375250 0.606667 0.014500 0.013333
2 0.369875 0.481778 0.014750 0.024000
2 0.334250 0.391333 0.014500 0.017333
2 0.334250 0.405778 0.014500 0.011556
2 0.363125 0.394000 0.016250 0.012000
2 0.363125 0.404444 0.016250 0.008889
1 0.454500 0.487111 0.009000 0.017778
1 0.540000 0.293111 0.008000 0.012000
1 0.546625 0.283333 0.013750 0.019111
1 0.510375 0.364000 0.005750 0.020444
1 0.427000 0.454667 0.009500 0.019556
1 0.448500 0.370889 0.005500 0.018222
3 0.463375 0.424667 0.008750 0.031556
2 0.415375 0.506889 0.017750 0.028000
2 0.455250 0.540889 0.015000 0.020444
2 0.478625 0.518889 0.012250 0.023556
2 0.544500 0.429333 0.010500 0.022222
