2 0.146125 0.949333 0.034250 0.033778
2 0.492750 0.530667 0.014500 0.023111
2 0.364625 0.093111 0.019750 0.040444
2 0.679500 0.784222 0.019000 0.031556
2 0.679500 0.802889 0.019000 0.005778
2 0.642500 0.421556 0.018000 0.031556
2 0.695375 0.985111 0.013750 0.028889
2 0.618875 0.772667 0.022250 0.054667
2 0.618875 0.816444 0.022250 0.032889
2 0.593500 0.839333 0.013000 0.037778
2 0.603750 0.839333 0.007500 0.037778
1 0.479500 0.667556 0.020500 0.020444
2 0.431250 0.637333 0.015000 0.029333
2 0.375750 0.598000 0.018500 0.004000
2 0.375750 0.612444 0.018500 0.024889
2 0.396875 0.710444 0.006250 0.093778
2 0.421375 0.710444 0.042750 0.093778
2 0.039500 0.328889 0.023500 0.044444
2 0.022875 0.510889 0.022750 0.042222
2 0.020250 0.545778 0.031000 0.028444
2 0.087875 0.365556 0.030250 0.046667
2 0.084250 0.559778 0.025500 0.037778
3 0.008375 0.585556 0.016250 0.028889
3 0.008375 0.609111 0.016250 0.018222
