3 0.375375 0.841333 0.032750 0.024889
1 0.709875 0.388444 0.011250 0.023111
1 0.709875 0.404444 0.011250 0.008889
3 0.640750 0.165778 0.021500 0.030222
3 0.447875 0.398000 0.024750 0.004000
3 0.447875 0.408444 0.024750 0.016889
2 0.385375 0.363111 0.015250 0.022222
2 0.241625 0.566889 0.023250 0.032444
3 0.243250 0.532889 0.015000 0.050667
2 0.257750 0.502444 0.008500 0.020889
2 0.295750 0.720222 0.023500 0.036889
1 0.211500 0.595333 0.010000 0.009333
1 0.211500 0.611333 0.010000 0.022667
1 0.213250 0.535111 0.017000 0.022222
3 0.078375 0.497778 0.024750 0.036444
