2 0.236375 0.706000 0.032250 0.049333
2 0.262000 0.429333 0.013500 0.022222
2 0.187750 0.459778 0.010500 0.025333
2 0.194125 0.556889 0.011750 0.039111
2 0.207375 0.556889 0.014750 0.039111
3 0.053375 0.531778 0.030750 0.020000
1 0.207250 0.683111 0.011000 0.032000
1 0.339125 0.392444 0.019750 0.015111
1 0.339125 0.400667 0.019750 0.001333
1 0.338750 0.599333 0.021000 0.001333
1 0.338750 0.605333 0.021000 0.010667
3 0.161375 0.679333 0.028750 0.016444
3 0.007250 0.871778 0.014000 0.051111
3 0.093000 0.755111 0.014000 0.039111
3 0.006875 0.587333 0.011750 0.025333
3 0.006875 0.612889 0.011750 0.025778
3 0.304750 0.390889 0.014500 0.018222
3 0.304750 0.415556 0.014500 0.031111
3 0.029250 0.186667 0.023000 0.026667
3 0.029250 0.215333 0.023000 0.030667
3 0.311625 0.820000 0.035750 0.029333
3 0.647000 0.501111 0.028500 0.036889
