2 0.042375 0.628889 0.036250 0.047111
2 0.265875 0.466000 0.017750 0.060000
2 0.338125 0.624000 0.019750 0.036444
2 0.233625 0.584889 0.047750 0.030222
2 0.233625 0.642000 0.047750 0.084000
2 0.620375 0.990667 0.017750 0.018667
2 0.387125 0.942000 0.025750 0.115111
2 0.416500 0.942000 0.033000 0.115111
2 0.425250 0.660889 0.019500 0.031111
2 0.453250 0.662000 0.022000 0.032444
2 0.547625 0.546667 0.016750 0.048000
2 0.552125 0.528889 0.028750 0.077333
2 0.582750 0.513333 0.022500 0.039111
1 0.708375 0.516222 0.024250 0.033333
3 0.704500 0.548444 0.033500 0.047111
2 0.547125 0.786222 0.033250 0.027556
2 0.547125 0.805333 0.033250 0.010667
2 0.590375 0.766222 0.019250 0.048889
2 0.604000 0.766222 0.008000 0.048889
2 0.690250 0.673111 0.035000 0.027111
2 0.728750 0.846889 0.021000 0.033333
