2 0.501625 0.322889 0.019250 0.028889
2 0.520250 0.397111 0.028000 0.005778
2 0.520250 0.416444 0.028000 0.032889
2 0.824375 0.482000 0.020750 0.079556
2 0.551875 0.942889 0.012250 0.020000
2 0.627000 0.689778 0.020500 0.035556
2 0.399000 0.462444 0.002000 0.025333
2 0.409250 0.462444 0.018500 0.025333
2 0.371125 0.656667 0.036250 0.064444
2 0.578875 0.783778 0.038750 0.032444
2 0.578875 0.815778 0.038750 0.031556
2 0.763750 0.566667 0.032500 0.066667
2 0.763750 0.606222 0.032500 0.012444
2 0.531250 0.325333 0.031500 0.079111
2 0.243875 0.158444 0.034250 0.078667
