2 0.590750 0.519778 0.018500 0.023556
2 0.602250 0.519778 0.004500 0.023556
2 0.510250 0.390667 0.013500 0.018667
2 0.510250 0.402222 0.013500 0.004444
1 0.496000 0.529111 0.021500 0.019111
2 0.437375 0.561778 0.049250 0.076444
2 0.437375 0.606667 0.049250 0.013333
3 0.355500 0.641333 0.027000 0.040000
2 0.164875 0.794444 0.032750 0.011111
2 0.164875 0.810667 0.032750 0.021333
2 0.007625 0.470444 0.014750 0.034222
3 0.025250 0.450000 0.025500 0.039556
2 0.041250 0.396222 0.030500 0.007556
2 0.041250 0.409111 0.030500 0.018222
2 0.102125 0.391333 0.018250 0.017333
2 0.102125 0.402000 0.018250 0.004000
2 0.103750 0.422667 0.029500 0.039111
2 0.043000 0.369333 0.023000 0.041778
2 0.108125 0.227333 0.029250 0.039556
2 0.059750 0.186222 0.023500 0.027556
2 0.059750 0.209333 0.023500 0.018667
2 0.659375 0.285556 0.018250 0.030667
2 0.564125 0.677778 0.060250 0.065778
2 0.614000 0.696222 0.020500 0.036889
2 0.636750 0.646667 0.024000 0.085333
2 0.696125 0.648667 0.017750 0.037778
2 0.671500 0.916889 0.023000 0.045333
2 0.665875 0.882667 0.013750 0.032889
2 0.713000 0.841111 0.013000 0.035111
