1 0.844250 0.337111 0.018000 0.020889
2 0.708375 0.397333 0.008250 0.005333
2 0.708375 0.408000 0.008250 0.016000
2 0.742750 0.361778 0.014000 0.024000
3 0.812750 0.351778 0.015500 0.047556
3 0.793875 0.557556 0.012250 0.049333
3 0.804625 0.557556 0.009250 0.049333
2 0.757250 0.635778 0.024000 0.040444
1 0.847375 0.536444 0.019750 0.017778
1 0.729250 0.599556 0.012000 0.000889
1 0.729250 0.615778 0.012000 0.031556
3 0.685000 0.592889 0.024500 0.014222
3 0.685000 0.602000 0.024500 0.004000
3 0.626625 0.684222 0.011250 0.038667
3 0.586875 0.485556 0.026250 0.015556
3 0.700000 0.485556 0.200000 0.015556
3 0.490625 0.132222 0.012250 0.059111
2 0.542250 0.508889 0.021000 0.025778
3 0.545500 0.542889 0.010500 0.044889
3 0.322625 0.460667 0.023750 0.036000
2 0.237500 0.418000 0.021500 0.031556
