2 0.235125 0.703333 0.021250 0.033333
2 0.025250 0.480889 0.035000 0.041778
2 0.634000 0.390667 0.015000 0.018667
2 0.634000 0.404222 0.015000 0.008444
2 0.632500 0.429333 0.022000 0.024889
2 0.612750 0.449778 0.024500 0.090667
2 0.354250 0.757556 0.052500 0.084889
2 0.354250 0.820000 0.052500 0.040000
2 0.461625 0.892667 0.025750 0.056444
2 0.421500 0.436000 0.019500 0.046222
2 0.389375 0.517333 0.021250 0.034667
2 0.400125 0.517333 0.000250 0.034667
2 0.398250 0.528222 0.003500 0.028889
2 0.409500 0.528222 0.019000 0.028889
2 0.384875 0.562222 0.029750 0.049778
