2 0.466125 0.346667 0.021250 0.031111
2 0.455250 0.380222 0.024500 0.039556
2 0.455250 0.403333 0.024500 0.006667
2 0.437875 0.350222 0.028250 0.048000
1 0.451750 0.331556 0.024500 0.019556
1 0.427625 0.364000 0.008250 0.018667
2 0.415375 0.360222 0.016750 0.024444
2 0.443375 0.419111 0.022750 0.034667
2 0.447250 0.306667 0.032500 0.034667
2 0.480000 0.341333 0.019000 0.024889
2 0.397000 0.386000 0.006000 0.028000
2 0.397000 0.408889 0.006000 0.017778
2 0.410250 0.386000 0.020500 0.028000
2 0.410250 0.408889 0.020500 0.017778
2 0.416375 0.314444 0.026250 0.057333
2 0.385500 0.461111 0.029000 0.049333
2 0.402875 0.461111 0.005750 0.049333
