2 0.821875 0.253333 0.007750 0.016889
2 0.849375 0.266222 0.020750 0.028444
2 0.885125 0.502667 0.007250 0.011556
2 0.880500 0.409778 0.010000 0.018667
2 0.885750 0.432444 0.014000 0.024000
2 0.881500 0.501333 0.003000 0.024000
2 0.893000 0.496889 0.012500 0.009778
2 0.635625 0.418222 0.009250 0.016889
3 0.658125 0.461333 0.015250 0.028444
3 0.583625 0.474444 0.010250 0.028889
3 0.611625 0.336000 0.021750 0.036444
1 0.486625 0.419333 0.014750 0.021778
2 0.534500 0.336889 0.023500 0.041778
2 0.427625 0.358889 0.006250 0.012000
2 0.448500 0.344667 0.011500 0.020000
2 0.713875 0.474444 0.027750 0.044000
2 0.629875 0.450444 0.012750 0.016444
2 0.559250 0.312444 0.011500 0.022222
2 0.676875 0.252000 0.010250 0.018667
2 0.777625 0.012000 0.005750 0.010667
3 0.558750 0.007111 0.020500 0.013333
3 0.459125 0.257556 0.013250 0.036000
3 0.535750 0.183111 0.018500 0.027556
2 0.463250 0.065778 0.010000 0.021333
2 0.472250 0.015333 0.021500 0.029778
3 0.304750 0.013556 0.026000 0.026222
2 0.228375 0.523556 0.041750 0.076444
2 0.443125 0.660000 0.007250 0.007111
3 0.712500 0.591556 0.008500 0.016889
3 0.712500 0.607556 0.008500 0.015111
1 0.593625 0.724667 0.012750 0.026222
1 0.700000 0.724667 0.200000 0.026222
1 0.649750 0.978222 0.008500 0.027556
