2 0.366500 0.783556 0.067000 0.032889
2 0.366500 0.883333 0.067000 0.166667
2 0.448875 0.783556 0.097750 0.032889
2 0.448875 0.883333 0.097750 0.166667
2 0.922125 0.119333 0.004250 0.008444
2 0.821000 0.208889 0.003500 0.006222
2 0.568875 0.118222 0.009250 0.008889
2 0.543500 0.065778 0.009500 0.012444
2 0.817625 0.286000 0.005750 0.012000
2 0.791500 0.344444 0.017000 0.046222
2 0.809000 0.344444 0.018000 0.046222
2 0.593500 0.547778 0.012000 0.020000
2 0.120625 0.153556 0.035750 0.032444
2 0.310750 0.795333 0.012500 0.009333
2 0.310750 0.802889 0.012500 0.005778
2 0.342750 0.710000 0.021500 0.030667
2 0.429000 0.198889 0.010500 0.002222
2 0.429000 0.213778 0.010500 0.027556
2 0.288250 0.378444 0.020500 0.043111
2 0.288250 0.405111 0.020500 0.010222
