2 0.505125 0.189778 0.019250 0.020444
2 0.505125 0.206000 0.019250 0.012000
2 0.530750 0.194000 0.021500 0.012000
2 0.530750 0.207778 0.021500 0.015556
2 0.622500 0.009333 0.021000 0.017778
2 0.625875 0.081556 0.024750 0.084889
2 0.622125 0.101111 0.018250 0.052000
2 0.655125 0.069778 0.022250 0.040000
3 0.750000 0.224000 0.033000 0.026667
1 0.769375 0.086667 0.022250 0.030222
3 0.766125 0.115778 0.030250 0.040444
2 0.785625 0.372222 0.019250 0.024444
2 0.112250 0.537111 0.025500 0.040444
2 0.427875 0.144444 0.020750 0.037333
2 0.334375 0.129111 0.048250 0.093778
2 0.159000 0.112222 0.029000 0.043111
2 0.276625 0.945778 0.023250 0.039111
2 0.118625 0.744222 0.016250 0.064444
2 0.500750 0.617333 0.015500 0.031111
2 0.679625 0.505556 0.019750 0.044000
2 0.662250 0.301778 0.031500 0.047111
2 0.617375 0.315111 0.031750 0.028444
2 0.483375 0.387111 0.058250 0.025778
2 0.483375 0.445333 0.058250 0.090667
