1 0.906375 0.255556 0.019750 0.019556
2 0.797250 0.278667 0.005500 0.021333
2 0.804250 0.278667 0.008500 0.021333
3 0.878750 0.555333 0.033000 0.028000
1 0.908625 0.464889 0.020250 0.014222
3 0.594375 0.458000 0.011250 0.047556
3 0.600625 0.458000 0.001250 0.047556
3 0.640125 0.391778 0.027750 0.016444
3 0.640125 0.401333 0.027750 0.002667
2 0.765125 0.322889 0.008750 0.021778
1 0.786375 0.540222 0.011750 0.030667
3 0.739375 0.480444 0.024750 0.015111
2 0.687750 0.382222 0.019000 0.035556
2 0.687750 0.404889 0.019000 0.009778
2 0.815125 0.560444 0.024250 0.046222
3 0.679500 0.595556 0.012500 0.008889
3 0.679500 0.614667 0.012500 0.029333
3 0.507750 0.648889 0.018500 0.041778
2 0.276125 0.308667 0.023250 0.033333
3 0.873875 0.271111 0.014250 0.048000
3 0.536500 0.031778 0.013500 0.057333
