2 0.363000 0.421778 0.017500 0.023111
2 0.367125 0.438222 0.015750 0.016000
1 0.359625 0.425556 0.005250 0.007556
2 0.373625 0.418444 0.011250 0.016444
2 0.362000 0.397111 0.012000 0.005778
2 0.362000 0.406667 0.012000 0.013333
2 0.351125 0.430222 0.011250 0.020444
2 0.383625 0.434222 0.005250 0.012444
0 0.423750 0.445333 0.008000 0.007111
3 0.415500 0.445778 0.006500 0.018667
2 0.434000 0.469778 0.012500 0.024000
1 0.444750 0.478889 0.006000 0.011111
3 0.441750 0.437778 0.013500 0.013333
3 0.436375 0.492667 0.007250 0.012000
