1 0.558875 0.306889 0.012250 0.020000
1 0.551875 0.317111 0.008750 0.014667
2 0.429500 0.307556 0.006500 0.012444
2 0.485875 0.560889 0.007750 0.016889
2 0.488000 0.569778 0.011500 0.016889
2 0.424125 0.528222 0.015750 0.028889
2 0.370750 0.418889 0.017000 0.027111
2 0.343250 0.416444 0.017500 0.030222
1 0.463125 0.512667 0.007750 0.016444
1 0.521500 0.387111 0.006000 0.020444
2 0.466250 0.572444 0.012000 0.027556
2 0.453875 0.562000 0.011750 0.028889
0 0.428500 0.348222 0.010000 0.016444
1 0.458375 0.392000 0.005250 0.016000
1 0.458375 0.401556 0.005250 0.003111
3 0.472375 0.445333 0.009250 0.027556
3 0.462125 0.446889 0.010750 0.027111
2 0.382500 0.621333 0.013500 0.039111
2 0.377375 0.504222 0.014750 0.023556
