2 0.720250 0.974444 0.022000 0.036000
1 0.672250 0.968000 0.017000 0.024889
1 0.745500 0.824667 0.019000 0.015556
2 0.641750 0.936000 0.015500 0.034667
2 0.661250 0.547111 0.016000 0.024889
1 0.759250 0.527333 0.017500 0.022667
3 0.731750 0.572000 0.026500 0.023111
3 0.680250 0.571556 0.025000 0.018667
2 0.627000 0.589111 0.007500 0.020889
3 0.791625 0.784667 0.013250 0.030667
3 0.791625 0.808000 0.013250 0.016000
3 0.546750 0.853556 0.011500 0.036000
3 0.561125 0.701556 0.007250 0.040444
3 0.644125 0.092000 0.022750 0.039111
3 0.423000 0.324444 0.011500 0.056889
2 0.368625 0.595111 0.015250 0.009778
2 0.368625 0.616222 0.015250 0.032444
3 0.258000 0.634222 0.022000 0.034667
2 0.177875 0.587556 0.021750 0.024889
2 0.177875 0.602000 0.021750 0.004000
