2 0.248000 0.854889 0.030000 0.044000
2 0.292500 0.843556 0.022000 0.040000
2 0.277750 0.774000 0.043000 0.052000
2 0.277750 0.816222 0.043000 0.032444
2 0.349375 0.957333 0.022750 0.030222
2 0.140500 0.748000 0.032500 0.044444
2 0.473875 0.825556 0.037250 0.031556
2 0.518500 0.796444 0.016500 0.007111
2 0.518500 0.825778 0.016500 0.051556
2 0.502000 0.790444 0.020000 0.019111
2 0.502000 0.819778 0.020000 0.039556
2 0.501125 0.757778 0.021750 0.036444
2 0.519375 0.768667 0.018750 0.031556
1 0.500750 0.693111 0.025500 0.027111
3 0.531500 0.675778 0.018000 0.055556
2 0.596250 0.703556 0.007500 0.044444
2 0.608375 0.703556 0.016750 0.044444
2 0.688625 0.889778 0.019750 0.032000
2 0.682750 0.847333 0.028500 0.039556
2 0.582125 0.783333 0.035750 0.033333
2 0.582125 0.805556 0.035750 0.011111
2 0.605875 0.783333 0.011750 0.033333
2 0.605875 0.805556 0.011750 0.011111
