2 0.652625 0.287556 0.017250 0.030222
2 0.503875 0.391556 0.015250 0.016889
2 0.503875 0.402667 0.015250 0.005333
1 0.489875 0.529111 0.020750 0.018222
2 0.431250 0.561556 0.048500 0.076889
2 0.431250 0.606444 0.048500 0.012889
2 0.056500 0.187556 0.023500 0.024889
2 0.056500 0.210667 0.023500 0.021333
2 0.104375 0.231778 0.028250 0.040444
2 0.098625 0.391556 0.016750 0.016889
2 0.098625 0.404222 0.016750 0.008444
2 0.100000 0.425111 0.027500 0.039556
2 0.040250 0.371111 0.023000 0.041778
2 0.038125 0.398222 0.033750 0.003556
2 0.038125 0.410222 0.033750 0.020444
3 0.023125 0.452444 0.023250 0.041778
2 0.005875 0.472222 0.011250 0.034222
2 0.161625 0.793778 0.032750 0.012444
2 0.161625 0.809111 0.032750 0.018222
3 0.422875 0.678667 0.028750 0.032000
2 0.688625 0.648444 0.017750 0.036444
2 0.628750 0.646222 0.023500 0.084444
2 0.598250 0.694667 0.003500 0.040000
2 0.608500 0.694667 0.017000 0.040000
2 0.665125 0.914667 0.024250 0.045333
2 0.703750 0.839556 0.013000 0.032889
