3 0.018125 0.030667 0.016750 0.060444
2 0.476125 0.797556 0.008750 0.004889
2 0.476125 0.800889 0.008750 0.001778
3 0.170875 0.658444 0.013750 0.039556
2 0.076250 0.456222 0.027000 0.027111
3 0.078000 0.494667 0.013000 0.051556
3 0.127500 0.429556 0.031000 0.018222
1 0.427000 0.272000 0.019500 0.022222
3 0.388750 0.285556 0.014500 0.052000
2 0.267625 0.344444 0.010750 0.024000
2 0.309875 0.295556 0.014250 0.025778
3 0.239500 0.557111 0.027000 0.020000
1 0.290375 0.581333 0.013250 0.036444
2 0.322875 0.589556 0.031750 0.020889
2 0.322875 0.613556 0.031750 0.027111
3 0.371375 0.518889 0.024750 0.053778
1 0.428625 0.496222 0.018750 0.017333
