2 0.467875 0.621111 0.017250 0.023556
2 0.340625 0.172000 0.018250 0.040889
2 0.621625 0.513111 0.018250 0.032444
2 0.625875 0.938444 0.043750 0.049333
2 0.658000 0.886000 0.020000 0.036000
2 0.553125 0.750222 0.021250 0.024889
2 0.572875 0.943111 0.023750 0.039111
2 0.521250 0.922889 0.064500 0.071556
2 0.398625 0.731778 0.002750 0.029778
2 0.406000 0.731778 0.012000 0.029778
2 0.347500 0.704667 0.018000 0.030667
1 0.452875 0.763778 0.021250 0.023556
2 0.382875 0.779111 0.034250 0.041778
2 0.382875 0.827556 0.034250 0.055111
2 0.407875 0.779111 0.015750 0.041778
2 0.407875 0.827556 0.015750 0.055111
3 0.306750 0.882444 0.028000 0.044000
2 0.049125 0.648222 0.029750 0.038667
2 0.048625 0.622000 0.019750 0.024444
2 0.010750 0.394000 0.021000 0.012000
2 0.010750 0.417778 0.021000 0.035556
2 0.056750 0.448000 0.030000 0.044444
