2 0.588375 0.183333 0.023250 0.033333
2 0.588375 0.205333 0.023250 0.010667
2 0.601750 0.183333 0.003500 0.033333
2 0.601750 0.205333 0.003500 0.010667
2 0.520375 0.260667 0.017750 0.044000
2 0.499250 0.927111 0.038500 0.056889
1 0.734125 0.757333 0.039750 0.022222
1 0.781500 0.176000 0.037000 0.033778
1 0.802750 0.176000 0.005500 0.033778
3 0.727375 0.260222 0.049750 0.034222
3 0.826875 0.707778 0.018750 0.087556
3 0.625750 0.240667 0.048500 0.038667
3 0.373000 0.463778 0.019500 0.081333
3 0.332000 0.755333 0.025500 0.071556
3 0.008750 0.192889 0.017000 0.014222
3 0.008750 0.237111 0.017000 0.074222
