2 0.417375 0.598889 0.019250 0.002222
2 0.417375 0.612222 0.019250 0.024444
2 0.361500 0.498222 0.022500 0.032000
2 0.349750 0.442667 0.045500 0.080000
2 0.319750 0.509333 0.028000 0.046222
2 0.178500 0.794889 0.025500 0.010222
2 0.178500 0.813556 0.025500 0.027111
2 0.557625 0.474444 0.025250 0.046667
2 0.580500 0.444000 0.020500 0.031111
2 0.562500 0.429556 0.019500 0.029778
3 0.592625 0.351556 0.014750 0.047111
3 0.600125 0.351556 0.000250 0.047111
1 0.817750 0.325556 0.009500 0.020000
2 0.793000 0.326889 0.014000 0.025333
2 0.806250 0.326889 0.012500 0.025333
2 0.797750 0.316000 0.004500 0.032889
2 0.809500 0.316000 0.019000 0.032889
2 0.796375 0.346889 0.007250 0.020000
2 0.812625 0.346889 0.025250 0.020000
2 0.783000 0.361556 0.023000 0.076889
2 0.783000 0.404667 0.023000 0.009333
2 0.639750 0.786889 0.023000 0.026222
2 0.639750 0.813333 0.023000 0.026667
2 0.540750 0.687333 0.053500 0.115111
2 0.217750 0.384667 0.030500 0.030667
2 0.217750 0.406000 0.030500 0.012000
