2 0.620625 0.649556 0.007750 0.012000
2 0.472125 0.672667 0.007750 0.028889
2 0.486125 0.395556 0.011750 0.008889
2 0.486125 0.404889 0.011750 0.009778
2 0.704750 0.487333 0.011500 0.019111
3 0.746125 0.452667 0.014250 0.014667
2 0.687875 0.391333 0.006750 0.017333
2 0.687875 0.401778 0.006750 0.003556
2 0.688875 0.350444 0.008750 0.012889
3 0.689500 0.384444 0.013500 0.031111
3 0.689500 0.402222 0.013500 0.004444
3 0.753625 0.396000 0.013250 0.008000
3 0.753625 0.405778 0.013250 0.011556
1 0.755500 0.389333 0.010500 0.014222
2 0.702875 0.381333 0.010750 0.016889
2 0.576875 0.345778 0.007250 0.026667
2 0.560375 0.393778 0.025750 0.012444
2 0.560375 0.416444 0.025750 0.032889
2 0.598000 0.414889 0.004000 0.016444
2 0.602750 0.414889 0.005500 0.016444
2 0.645250 0.439333 0.010000 0.014667
2 0.625375 0.544889 0.026750 0.050667
2 0.685625 0.493556 0.014250 0.013778
2 0.760625 0.523333 0.008750 0.012000
2 0.634125 0.627556 0.007750 0.014222
2 0.712625 0.581111 0.007750 0.020000
2 0.319625 0.798222 0.029250 0.003556
2 0.319625 0.819778 0.029250 0.039556
2 0.480500 0.882222 0.014500 0.012444
2 0.429875 0.859556 0.014750 0.028444
