2 0.196000 0.443111 0.008000 0.035556
2 0.207125 0.443111 0.014250 0.035556
2 0.164875 0.370889 0.017750 0.026222
1 0.217375 0.435111 0.012750 0.022222
2 0.255875 0.363111 0.016250 0.025778
2 0.238000 0.335111 0.032000 0.050667
2 0.233375 0.255111 0.019750 0.030222
2 0.252375 0.254444 0.019250 0.035111
1 0.269375 0.222889 0.020750 0.017333
2 0.280875 0.357556 0.013750 0.025333
2 0.274750 0.381778 0.026500 0.035556
2 0.309375 0.334667 0.011750 0.023111
2 0.399500 0.383333 0.001000 0.033333
2 0.399500 0.431778 0.001000 0.063556
2 0.419500 0.383333 0.039000 0.033333
2 0.419500 0.431778 0.039000 0.063556
2 0.381500 0.419556 0.014000 0.032000
2 0.495125 0.488889 0.041750 0.057778
2 0.578500 0.451778 0.025000 0.023556
2 0.553125 0.495111 0.041250 0.081778
2 0.571250 0.518889 0.025000 0.030667
2 0.626375 0.478444 0.018250 0.030667
3 0.743625 0.454222 0.012750 0.048889
