2 0.886375 0.598889 0.016250 0.002222
2 0.886375 0.612889 0.016250 0.025778
2 0.961875 0.648222 0.022250 0.036000
1 0.915750 0.640667 0.016000 0.027111
1 0.984250 0.504000 0.019500 0.015111
1 0.992750 0.217556 0.014500 0.018222
3 0.969125 0.259778 0.025250 0.020889
3 0.921375 0.258222 0.021750 0.016889
2 0.902000 0.237556 0.013500 0.021778
2 0.870375 0.277556 0.008250 0.020889
3 0.795250 0.532889 0.009500 0.035556
3 0.800750 0.532889 0.001500 0.035556
3 0.807625 0.383778 0.007750 0.032444
3 0.807625 0.403333 0.007750 0.006667
3 0.671250 0.025778 0.011000 0.050667
2 0.622750 0.302667 0.017000 0.041778
2 0.551875 0.109556 0.025250 0.040444
2 0.387875 0.005111 0.008750 0.009333
3 0.519375 0.324444 0.021250 0.033778
2 0.443125 0.282667 0.020250 0.031111
3 0.387500 0.354000 0.019000 0.016444
