2 0.526750 0.314000 0.007000 0.027111
2 0.505125 0.298222 0.010750 0.021333
2 0.525750 0.592667 0.012000 0.014667
2 0.525750 0.607111 0.012000 0.014222
2 0.513375 0.588444 0.015250 0.023111
2 0.513375 0.609778 0.015250 0.019556
2 0.621750 0.408889 0.010500 0.011556
2 0.625375 0.427111 0.012750 0.018667
2 0.627625 0.457111 0.013250 0.020889
2 0.776375 0.728000 0.037750 0.050667
2 0.224500 0.556000 0.005500 0.008000
2 0.233500 0.559556 0.005500 0.013333
2 0.225750 0.543778 0.015000 0.019111
2 0.216625 0.562889 0.010750 0.022667
2 0.145750 0.840444 0.031500 0.032000
2 0.113000 0.875333 0.030500 0.029778
