3 0.967625 0.395111 0.027250 0.009778
3 0.967625 0.412444 0.027250 0.024889
1 0.544625 0.581556 0.012250 0.031556
3 0.646125 0.664444 0.032750 0.021333
3 0.636250 0.312667 0.014500 0.046667
1 0.670125 0.297333 0.019250 0.021333
1 0.670750 0.506889 0.019000 0.014667
3 0.392375 0.433556 0.015250 0.016444
3 0.405875 0.433556 0.011750 0.016444
3 0.353375 0.498444 0.013250 0.048444
3 0.497750 0.533778 0.026500 0.015111
3 0.436500 0.650444 0.012500 0.036889
3 0.346000 0.760222 0.012000 0.052000
2 0.525625 0.366222 0.009250 0.020444
2 0.563125 0.321111 0.013750 0.024444
2 0.573625 0.590667 0.027750 0.018667
2 0.573625 0.612889 0.027750 0.025778
2 0.446500 0.429111 0.020500 0.046667
2 0.035250 0.360889 0.024500 0.034667
