2 0.723125 0.004444 0.011250 0.008000
2 0.944375 0.724889 0.031250 0.052444
3 0.942250 0.868444 0.009000 0.035556
2 0.631000 0.921778 0.008000 0.005333
1 0.798125 0.995333 0.003750 0.009333
1 0.802750 0.995333 0.005500 0.009333
2 0.667375 0.236667 0.011750 0.024444
2 0.679375 0.175556 0.022250 0.040889
3 0.704500 0.075333 0.017500 0.039556
3 0.677625 0.085556 0.014750 0.044000
2 0.793000 0.112222 0.012500 0.020000
2 0.762500 0.127111 0.020000 0.046222
3 0.776750 0.167333 0.026500 0.036000
2 0.907250 0.466444 0.012500 0.020889
3 0.882500 0.706444 0.016000 0.034222
3 0.796625 0.716000 0.006750 0.034667
3 0.802000 0.716000 0.004000 0.034667
2 0.849875 0.691778 0.014750 0.020889
2 0.857375 0.653778 0.012250 0.019556
3 0.833000 0.559556 0.027000 0.034667
3 0.747875 0.376889 0.022250 0.033778
2 0.772125 0.526889 0.015250 0.026222
2 0.743375 0.552222 0.024750 0.050222
1 0.686750 0.645111 0.015500 0.026222
2 0.595375 0.569333 0.005250 0.014222
2 0.643875 0.557556 0.013250 0.022667
3 0.659375 0.458667 0.015250 0.038222
2 0.583250 0.493333 0.021500 0.027556
3 0.520875 0.352000 0.030750 0.025778
2 0.438500 0.553556 0.020500 0.038667
2 0.213750 0.429333 0.021000 0.037333
