2 0.494500 0.307778 0.010000 0.017333
2 0.521500 0.319778 0.019500 0.028889
2 0.104000 0.706222 0.007000 0.004444
2 0.133125 0.110667 0.011750 0.021333
2 0.141250 0.057333 0.023000 0.038222
2 0.242125 0.004667 0.012250 0.008444
2 0.216500 0.017111 0.017500 0.031556
3 0.228125 0.047333 0.024250 0.032444
3 0.197250 0.229556 0.005500 0.029778
3 0.206750 0.229556 0.013500 0.029778
2 0.347125 0.302222 0.010750 0.021333
3 0.279875 0.383111 0.021750 0.033778
3 0.279875 0.400444 0.021750 0.000889
3 0.250000 0.520667 0.011500 0.028889
2 0.227375 0.358222 0.013250 0.021333
1 0.151125 0.463111 0.015250 0.022222
2 0.195375 0.380444 0.009250 0.039111
2 0.195375 0.401556 0.009250 0.003111
2 0.207000 0.380444 0.014000 0.039111
2 0.207000 0.401556 0.014000 0.003111
3 0.124875 0.302000 0.015250 0.036000
2 0.113000 0.388889 0.012500 0.018667
2 0.091625 0.397778 0.005250 0.004444
2 0.091625 0.404222 0.005250 0.008444
1 0.256250 0.770667 0.012500 0.024889
2 0.303750 0.464889 0.009500 0.015111
2 0.297375 0.498222 0.012750 0.016889
3 0.325750 0.509556 0.016500 0.029778
3 0.378500 0.646444 0.007500 0.034222
2 0.382125 0.523556 0.026750 0.045333
2 0.552875 0.461556 0.008750 0.014667
2 0.555250 0.485111 0.012000 0.019111
2 0.563000 0.548222 0.013000 0.010222
2 0.554750 0.554444 0.006000 0.010222
2 0.551875 0.553333 0.003750 0.022222
