2 0.779125 0.101778 0.013750 0.021333
2 0.665250 0.164889 0.024000 0.039111
2 0.749250 0.116444 0.019500 0.046222
3 0.691750 0.066000 0.018500 0.044889
3 0.663750 0.074222 0.014500 0.041778
3 0.763625 0.155778 0.027250 0.036889
2 0.893250 0.454889 0.013500 0.019111
3 0.818000 0.543333 0.025000 0.040444
2 0.843875 0.641556 0.012250 0.018222
2 0.837000 0.679556 0.014500 0.021333
3 0.868625 0.693333 0.016250 0.035556
2 0.930625 0.712667 0.030750 0.054667
3 0.928500 0.856889 0.010500 0.039111
1 0.789375 0.989556 0.013750 0.020889
2 0.759625 0.515556 0.014250 0.024000
3 0.784375 0.703111 0.010750 0.036444
2 0.730250 0.540000 0.027000 0.048000
3 0.734625 0.364889 0.023250 0.035556
2 0.653750 0.225556 0.012000 0.028889
3 0.646125 0.446222 0.014750 0.040000
2 0.630875 0.544222 0.014250 0.024444
1 0.673500 0.632667 0.016000 0.027111
2 0.581625 0.556444 0.005750 0.014222
3 0.497375 0.239333 0.028750 0.021778
2 0.419125 0.180000 0.014750 0.024000
2 0.193000 0.143556 0.014000 0.035556
2 0.203375 0.143556 0.006750 0.035556
