2 0.353750 0.576000 0.008500 0.010667
1 0.514500 0.340889 0.008500 0.010667
1 0.519500 0.331333 0.011000 0.012000
1 0.537500 0.465778 0.010000 0.015111
1 0.500375 0.396000 0.005750 0.008000
1 0.500375 0.403556 0.005750 0.007111
1 0.457000 0.422000 0.004500 0.012000
3 0.471500 0.456889 0.010000 0.019556
2 0.412500 0.520444 0.011500 0.013333
2 0.438250 0.544000 0.015500 0.018667
2 0.494875 0.537778 0.008750 0.016889
2 0.475500 0.542667 0.021500 0.024889
2 0.444250 0.575333 0.012500 0.026222
2 0.418875 0.592667 0.010250 0.014667
2 0.418875 0.602889 0.010250 0.005778
2 0.391875 0.595111 0.011750 0.009778
2 0.391875 0.603778 0.011750 0.007556
