2 0.246250 0.826444 0.020500 0.035111
2 0.313000 0.890000 0.020000 0.028000
2 0.379500 0.017111 0.019500 0.033333
2 0.654500 0.379111 0.021000 0.041778
2 0.654500 0.402889 0.021000 0.005778
2 0.726375 0.080889 0.032750 0.027556
2 0.764500 0.232667 0.019500 0.025333
2 0.062750 0.658444 0.018000 0.066222
2 0.072125 0.586889 0.029250 0.026222
2 0.072125 0.606889 0.029250 0.013778
2 0.090500 0.006667 0.024000 0.012444
2 0.278500 0.024889 0.047500 0.048889
2 0.464625 0.064667 0.018250 0.033333
2 0.491625 0.070222 0.021250 0.031111
2 0.631500 0.167778 0.026000 0.047556
2 0.584375 0.182444 0.031250 0.030667
2 0.601125 0.182444 0.002250 0.030667
2 0.444750 0.314667 0.058500 0.128000
2 0.415500 0.526222 0.020500 0.016889
2 0.464375 0.505333 0.014750 0.031111
