3 0.745875 0.908000 0.022750 0.036444
3 0.659250 0.985778 0.016500 0.028444
3 0.772500 0.695778 0.028500 0.038667
2 0.752750 0.798444 0.025000 0.003111
2 0.752750 0.821111 0.025000 0.042222
2 0.788750 0.638444 0.011500 0.020000
2 0.758750 0.655333 0.021000 0.043111
2 0.664625 0.768000 0.012250 0.022222
2 0.676750 0.708222 0.022000 0.043111
2 0.531750 0.758222 0.017000 0.023111
3 0.674750 0.599333 0.013000 0.001333
3 0.674750 0.621333 0.013000 0.042667
3 0.704250 0.595778 0.016000 0.008444
3 0.704250 0.616667 0.016000 0.033333
2 0.723000 0.529111 0.014500 0.022667
