2 0.501250 0.268222 0.006000 0.011111
0 0.586375 0.246000 0.008750 0.011111
1 0.561625 0.532000 0.007750 0.022222
1 0.557250 0.409333 0.008000 0.017778
2 0.482875 0.527556 0.009750 0.013333
2 0.483250 0.535333 0.011500 0.014667
2 0.384750 0.486222 0.014500 0.019556
2 0.325000 0.352889 0.008500 0.018667
2 0.410000 0.389778 0.015000 0.020444
2 0.410000 0.400889 0.015000 0.001778
2 0.394375 0.411556 0.011250 0.013333
2 0.400500 0.411556 0.001000 0.013333
2 0.464125 0.521333 0.009750 0.024000
1 0.503500 0.364000 0.007500 0.017778
3 0.500625 0.420444 0.005250 0.029333
2 0.457750 0.502000 0.013500 0.023556
2 0.440750 0.451556 0.012500 0.023111
3 0.422125 0.343333 0.007750 0.020000
