2 0.032875 0.332000 0.061250 0.068444
2 0.482375 0.014889 0.010250 0.018222
1 0.677875 0.127556 0.016250 0.035556
1 0.665000 0.135778 0.011500 0.028889
1 0.502250 0.171333 0.012500 0.030667
3 0.367250 0.182889 0.014000 0.032444
1 0.626875 0.399556 0.015750 0.000889
1 0.626875 0.417778 0.015750 0.035556
1 0.596000 0.217778 0.008000 0.034667
1 0.603375 0.217778 0.006750 0.034667
1 0.476750 0.357778 0.008500 0.028444
2 0.500000 0.468889 0.020500 0.022222
2 0.498125 0.449556 0.013250 0.028889
3 0.507500 0.268222 0.010000 0.049333
2 0.332750 0.313556 0.018000 0.022667
2 0.352500 0.274667 0.019000 0.036444
2 0.322250 0.399778 0.022500 0.000444
2 0.322250 0.421333 0.022500 0.042667
2 0.382750 0.438889 0.020500 0.050222
2 0.385875 0.364667 0.028250 0.036889
2 0.402375 0.364667 0.004750 0.036889
2 0.466250 0.453333 0.021500 0.039111
2 0.452375 0.426000 0.022250 0.038667
