3 0.808125 0.071778 0.011250 0.049333
2 0.652875 0.551778 0.010750 0.026222
2 0.700875 0.088222 0.017250 0.032444
2 0.688125 0.106222 0.021250 0.038222
2 0.653750 0.064222 0.025500 0.022667
2 0.650000 0.122444 0.022000 0.032444
2 0.630500 0.103778 0.039000 0.074222
2 0.576625 0.094667 0.040750 0.052444
2 0.504375 0.036444 0.038250 0.072000
2 0.470750 0.025778 0.014000 0.030222
1 0.319125 0.033111 0.011250 0.023556
2 0.306750 0.041556 0.021500 0.036000
2 0.660125 0.380889 0.019750 0.036444
2 0.676250 0.522444 0.024500 0.036889
2 0.654125 0.467333 0.024750 0.028000
2 0.538375 0.620222 0.017750 0.039556
