2 0.394000 0.510000 0.012000 0.028889
2 0.400750 0.510000 0.001500 0.028889
2 0.368875 0.516889 0.016250 0.030222
2 0.350875 0.486000 0.029750 0.046667
2 0.343625 0.395778 0.019250 0.008444
2 0.343625 0.410889 0.019250 0.021778
2 0.362750 0.393778 0.019000 0.012444
2 0.362750 0.409778 0.019000 0.019556
1 0.377625 0.372444 0.021250 0.017778
2 0.421750 0.484444 0.012500 0.025778
2 0.388250 0.533778 0.023500 0.038222
2 0.401000 0.533778 0.002000 0.038222
1 0.331375 0.589111 0.012750 0.020889
2 0.277750 0.526000 0.018000 0.025333
2 0.317250 0.590222 0.022000 0.019556
2 0.317250 0.606667 0.022000 0.013333
2 0.739750 0.616444 0.019500 0.032889
2 0.727375 0.637333 0.019750 0.034667
2 0.492750 0.565333 0.015000 0.031111
2 0.528375 0.553778 0.040750 0.092444
2 0.528375 0.602889 0.040750 0.005778
2 0.593250 0.628889 0.013500 0.051556
2 0.614375 0.628889 0.028750 0.051556
2 0.666375 0.598667 0.042250 0.002667
2 0.666375 0.640222 0.042250 0.080444
2 0.689875 0.588222 0.025250 0.023556
2 0.689875 0.600667 0.025250 0.001333
2 0.685625 0.660222 0.025250 0.032444
3 0.854000 0.580444 0.015000 0.039111
3 0.854000 0.605333 0.015000 0.010667
