2 0.011000 0.241556 0.021500 0.069778
2 0.193875 0.531333 0.012250 0.037778
2 0.206250 0.531333 0.012500 0.037778
2 0.135250 0.570889 0.038500 0.058222
2 0.135250 0.602889 0.038500 0.005778
2 0.165875 0.558889 0.029250 0.064444
2 0.174000 0.500222 0.028000 0.054667
2 0.187000 0.566444 0.026000 0.067111
2 0.187000 0.600222 0.026000 0.000444
2 0.209125 0.566444 0.018250 0.067111
2 0.209125 0.600222 0.018250 0.000444
2 0.189500 0.459556 0.018000 0.031111
2 0.135875 0.511778 0.044250 0.076889
2 0.163750 0.599111 0.025000 0.001778
2 0.163750 0.620444 0.025000 0.040889
2 0.220250 0.495556 0.026000 0.043556
2 0.245375 0.646667 0.018750 0.030222
2 0.290875 0.548222 0.016250 0.042222
2 0.259375 0.585111 0.022750 0.029778
2 0.259375 0.603333 0.022750 0.006667
