2 0.346750 0.988222 0.025000 0.023556
1 0.795875 0.253778 0.008250 0.055111
1 0.810000 0.253778 0.020000 0.055111
1 0.748875 0.432667 0.026750 0.060000
3 0.906250 0.388000 0.026500 0.024000
3 0.906250 0.431111 0.026500 0.062222
3 0.913125 0.881556 0.052750 0.038667
3 0.865250 0.906000 0.049000 0.033333
2 0.365875 0.830889 0.028250 0.052000
2 0.510375 0.720667 0.022750 0.036000
2 0.433875 0.362000 0.015750 0.018222
3 0.428750 0.575778 0.028500 0.048444
3 0.428750 0.627111 0.028500 0.054222
2 0.351250 0.548444 0.051500 0.087111
