2 0.347250 0.310889 0.082000 0.154222
3 0.597000 0.524444 0.006000 0.051556
3 0.610625 0.524444 0.021250 0.051556
3 0.570000 0.388667 0.034000 0.022667
3 0.570000 0.423778 0.034000 0.047556
2 0.444125 0.565111 0.043750 0.044000
2 0.439000 0.520667 0.028500 0.077778
2 0.440250 0.584222 0.025500 0.031556
2 0.440250 0.617778 0.025500 0.035556
2 0.469500 0.539556 0.026500 0.061333
2 0.466500 0.586444 0.027500 0.027111
2 0.466500 0.618444 0.027500 0.036889
2 0.476000 0.726222 0.021500 0.042667
2 0.472375 0.670444 0.016250 0.033333
2 0.448625 0.645778 0.022250 0.035556
2 0.438500 0.657333 0.024000 0.037333
2 0.430750 0.679556 0.041000 0.053333
2 0.393375 0.744667 0.013250 0.088444
2 0.414875 0.744667 0.029750 0.088444
2 0.376875 0.758444 0.043750 0.083111
2 0.376875 0.810000 0.043750 0.020000
2 0.466000 0.886222 0.014500 0.016889
2 0.461875 0.880444 0.009250 0.049778
2 0.487375 0.872444 0.025750 0.018667
