3 0.338250 0.300667 0.016500 0.020889
2 0.393125 0.211333 0.010750 0.020889
2 0.389875 0.259111 0.020250 0.032000
2 0.401625 0.259111 0.003250 0.032000
2 0.447375 0.285333 0.006750 0.017778
2 0.442000 0.266667 0.013500 0.021333
2 0.208125 0.727556 0.013250 0.025778
2 0.198750 0.614667 0.002500 0.029333
2 0.204000 0.614667 0.008000 0.029333
2 0.182875 0.527333 0.010750 0.020889
2 0.230000 0.354889 0.016000 0.019111
2 0.239500 0.317333 0.021500 0.047111
2 0.250125 0.340889 0.012250 0.013333
2 0.259625 0.317556 0.014250 0.011111
1 0.307750 0.336667 0.009500 0.019111
2 0.287125 0.334444 0.014750 0.026222
2 0.285500 0.385111 0.010000 0.013778
2 0.278750 0.356667 0.011000 0.016444
2 0.295000 0.376667 0.011000 0.017333
3 0.322750 0.420889 0.009500 0.024000
2 0.347000 0.376000 0.021500 0.048000
2 0.347000 0.412222 0.021500 0.024444
2 0.170875 0.316889 0.013250 0.024000
2 0.219875 0.726889 0.023250 0.056444
