2 0.566750 0.079111 0.027500 0.054222
2 0.495500 0.151556 0.013000 0.040889
2 0.653625 0.962667 0.042250 0.074667
2 0.477375 0.842222 0.042250 0.064889
1 0.552750 0.940222 0.035500 0.051111
1 0.717625 0.669111 0.039750 0.030667
1 0.771500 0.068444 0.041000 0.031111
3 0.709875 0.151778 0.051250 0.034222
3 0.591250 0.130889 0.017500 0.039556
3 0.615875 0.130889 0.031750 0.039556
3 0.815125 0.583556 0.019750 0.032889
3 0.815125 0.632889 0.019750 0.065778
3 0.346375 0.354444 0.025750 0.091111
3 0.346375 0.403333 0.025750 0.006667
3 0.307500 0.666667 0.024000 0.068444
