2 0.162750 0.956889 0.017500 0.066667
2 0.151250 0.734000 0.027000 0.042222
2 0.642125 0.794222 0.014750 0.011556
2 0.642125 0.808889 0.014750 0.017778
2 0.812500 0.799333 0.025000 0.001333
2 0.812500 0.817556 0.025000 0.035111
3 0.590125 0.268222 0.018250 0.051111
2 0.559375 0.349778 0.017750 0.034667
2 0.577750 0.366667 0.021000 0.026667
2 0.554250 0.386444 0.026500 0.027111
2 0.554250 0.412889 0.026500 0.025778
2 0.376500 0.298889 0.047000 0.089333
2 0.403750 0.298889 0.007500 0.089333
2 0.189500 0.295556 0.021000 0.041778
2 0.206000 0.295556 0.012000 0.041778
2 0.795875 0.257333 0.008250 0.046222
2 0.808000 0.257333 0.016000 0.046222
2 0.817625 0.266667 0.030250 0.026667
2 0.819250 0.236444 0.024500 0.033778
2 0.793250 0.288222 0.013500 0.075111
2 0.802375 0.288222 0.004750 0.075111
2 0.635875 0.738000 0.024750 0.063556
2 0.530625 0.572889 0.055750 0.054222
2 0.530625 0.636667 0.055750 0.073333
2 0.398625 0.157556 0.002750 0.059111
2 0.408000 0.157556 0.016000 0.059111
