2 0.798500 0.089778 0.003000 0.041778
2 0.808125 0.089778 0.016250 0.041778
2 0.448875 0.173111 0.039750 0.053778
2 0.448875 0.218222 0.039750 0.036444
2 0.844250 0.598222 0.019500 0.003556
2 0.844250 0.614000 0.019500 0.028000
2 0.464000 0.598444 0.017000 0.003111
2 0.464000 0.616000 0.017000 0.032000
3 0.481750 0.586000 0.020000 0.028000
3 0.481750 0.605778 0.020000 0.011556
2 0.494875 0.545556 0.025250 0.026222
2 0.498375 0.333556 0.023250 0.045778
2 0.548750 0.366889 0.024500 0.043111
2 0.500750 0.512000 0.019000 0.043556
2 0.547750 0.537333 0.020500 0.028444
2 0.551875 0.565333 0.025250 0.038222
2 0.900500 0.710000 0.064500 0.093778
