2 0.785000 0.790889 0.016000 0.018222
2 0.785000 0.806222 0.016000 0.012444
2 0.654750 0.162889 0.016000 0.054667
2 0.454000 0.279111 0.028000 0.040000
2 0.595375 0.303778 0.009250 0.097333
2 0.624250 0.303778 0.048500 0.097333
2 0.997875 0.406222 0.004250 0.008000
2 0.895375 0.268444 0.021750 0.080889
2 0.890000 0.187333 0.020000 0.025333
2 0.890000 0.202667 0.020000 0.005333
2 0.886250 0.284222 0.014500 0.047556
2 0.922500 0.256222 0.023000 0.036889
2 0.948875 0.691333 0.016750 0.044000
2 0.924625 0.484222 0.022750 0.041333
2 0.886750 0.496444 0.029500 0.026667
2 0.774750 0.369778 0.015000 0.029333
2 0.792750 0.376667 0.014500 0.031556
2 0.802750 0.376667 0.005500 0.031556
2 0.761875 0.577333 0.063250 0.045333
2 0.761875 0.630667 0.063250 0.061333
2 0.386250 0.744222 0.020000 0.041333
2 0.418375 0.896889 0.017250 0.062222
