2 0.399000 0.792444 0.002000 0.015111
2 0.399000 0.802000 0.002000 0.004000
2 0.404375 0.792444 0.008750 0.015111
2 0.404375 0.802000 0.008750 0.004000
2 0.406000 0.990444 0.012000 0.019111
2 0.419875 0.985556 0.019250 0.028889
2 0.461750 0.890000 0.010000 0.026222
2 0.416625 0.893556 0.009250 0.032444
2 0.420750 0.594222 0.013500 0.011556
2 0.420750 0.604000 0.013500 0.008000
2 0.465625 0.648444 0.012750 0.021333
2 0.480250 0.599111 0.022000 0.001778
2 0.480250 0.619333 0.022000 0.038667
2 0.497000 0.623556 0.012500 0.014222
2 0.509125 0.666889 0.009250 0.017333
2 0.512250 0.696222 0.010000 0.014667
2 0.520000 0.651111 0.012500 0.024000
1 0.536875 0.658889 0.010250 0.017333
2 0.521625 0.692000 0.009250 0.016000
3 0.542750 0.747778 0.011500 0.020889
3 0.567625 0.636000 0.016250 0.016000
2 0.572000 0.728889 0.023500 0.060444
2 0.629500 0.577778 0.009500 0.020444
2 0.621625 0.617778 0.023250 0.021333
2 0.669875 0.662889 0.008250 0.015556
2 0.667000 0.644222 0.014000 0.017333
