2 0.593750 0.237556 0.012500 0.057333
2 0.613875 0.237556 0.027750 0.057333
2 0.610125 0.156444 0.020250 0.036444
2 0.656625 0.195556 0.013250 0.008889
2 0.656625 0.206000 0.013250 0.012000
2 0.703250 0.278667 0.013500 0.028444
2 0.709875 0.187333 0.020750 0.025333
2 0.709875 0.204000 0.020750 0.008000
2 0.693000 0.246667 0.022500 0.036444
2 0.434500 0.370000 0.014000 0.030667
2 0.257375 0.729111 0.020250 0.037778
2 0.333750 0.419333 0.028000 0.030667
2 0.351375 0.352889 0.036750 0.081778
1 0.466625 0.381333 0.015750 0.035556
2 0.542375 0.469556 0.038250 0.126667
2 0.447500 0.451556 0.017500 0.031111
2 0.431875 0.467333 0.016250 0.026222
2 0.231625 0.360444 0.025250 0.041778
