1 0.436500 0.541111 0.012500 0.020889
2 0.422625 0.548667 0.020250 0.030667
2 0.386375 0.479556 0.016750 0.025778
2 0.473250 0.473111 0.015500 0.027111
2 0.456500 0.444667 0.030500 0.046667
2 0.449500 0.368889 0.016500 0.029333
2 0.465875 0.366000 0.017250 0.032444
1 0.480875 0.336000 0.018750 0.016000
2 0.497625 0.469111 0.013750 0.026222
2 0.492250 0.491333 0.022500 0.034222
2 0.522875 0.445111 0.010750 0.020889
2 0.589375 0.526222 0.013750 0.029333
2 0.623875 0.518889 0.040750 0.095556
2 0.700250 0.581556 0.042500 0.036889
2 0.700250 0.610667 0.042500 0.021333
2 0.775500 0.624222 0.025500 0.030667
2 0.756750 0.579333 0.040000 0.041333
2 0.756750 0.620889 0.040000 0.041778
2 0.778875 0.555556 0.025750 0.021333
2 0.814875 0.591778 0.023750 0.016444
2 0.814875 0.609111 0.023750 0.018222
2 0.826750 0.581778 0.018000 0.029333
3 0.937000 0.559333 0.013000 0.048444
