3 0.687250 0.795778 0.030500 0.008444
3 0.687250 0.807556 0.030500 0.015111
3 0.558250 0.509556 0.014500 0.051111
2 0.568125 0.533778 0.018750 0.039111
2 0.571250 0.475333 0.007000 0.020889
2 0.636625 0.445556 0.012250 0.019111
2 0.618625 0.699111 0.024750 0.039111
1 0.589875 0.680889 0.009750 0.030222
3 0.597500 0.657333 0.005000 0.026667
3 0.610750 0.657333 0.021500 0.026667
1 0.611875 0.648222 0.018250 0.020889
1 0.598250 0.632000 0.003500 0.016889
1 0.606750 0.632000 0.013500 0.016889
3 0.648000 0.565111 0.021000 0.037778
3 0.569750 0.658222 0.007500 0.040889
2 0.371625 0.519111 0.019250 0.034667
3 0.385125 0.513778 0.010750 0.046222
3 0.372000 0.487778 0.016500 0.041333
3 0.378500 0.460444 0.010000 0.036444
3 0.396625 0.473778 0.006750 0.030222
3 0.407000 0.473778 0.014000 0.030222
