2 0.346250 0.324667 0.019500 0.040444
2 0.243000 0.242444 0.020500 0.040444
2 0.018000 0.573556 0.024000 0.043111
2 0.067625 0.593333 0.029250 0.013333
2 0.067625 0.616000 0.029250 0.032000
2 0.005750 0.770222 0.010500 0.036444
2 0.007000 0.793111 0.013500 0.013778
2 0.007000 0.804667 0.013500 0.009333
2 0.059875 0.784222 0.018750 0.024444
2 0.062375 0.796222 0.030750 0.007556
2 0.062375 0.818444 0.030750 0.036889
2 0.355625 0.858889 0.017750 0.030667
2 0.387375 0.956000 0.025250 0.087111
2 0.411875 0.956000 0.023750 0.087111
2 0.475625 0.773556 0.013250 0.027111
1 0.460625 0.917778 0.020250 0.023111
2 0.625875 0.663778 0.018750 0.031556
