1 0.959125 0.320889 0.010750 0.019556
2 0.949875 0.313556 0.024250 0.044000
2 0.935375 0.322444 0.020750 0.028889
2 0.951750 0.340667 0.030500 0.024444
2 0.926500 0.361556 0.023500 0.076889
2 0.926500 0.401778 0.023500 0.003556
3 0.726500 0.340444 0.016000 0.048000
2 0.715500 0.434667 0.022500 0.031111
2 0.698000 0.420889 0.019000 0.032000
2 0.693250 0.466667 0.028000 0.051556
2 0.548750 0.594889 0.020000 0.010222
2 0.548750 0.611111 0.020000 0.022222
2 0.678500 0.680444 0.053500 0.125333
2 0.785000 0.865111 0.014500 0.030667
2 0.778375 0.785111 0.022250 0.029778
2 0.778375 0.814444 0.022250 0.028889
2 0.329125 0.994444 0.013250 0.011111
2 0.493750 0.488222 0.023000 0.031556
2 0.484750 0.395778 0.048500 0.008444
2 0.484750 0.440667 0.048500 0.081333
2 0.451375 0.497333 0.025750 0.045333
2 0.353000 0.375556 0.030000 0.041778
2 0.310000 0.790444 0.023000 0.019111
2 0.310000 0.811111 0.023000 0.022222
