3 0.876875 0.100444 0.020750 0.032889
3 0.636750 0.735333 0.031000 0.022667
2 0.569750 0.634889 0.024500 0.037778
3 0.559375 0.590667 0.025250 0.018667
3 0.559375 0.604000 0.025250 0.008000
1 0.542875 0.616889 0.009250 0.028444
1 0.561875 0.574222 0.019250 0.019556
1 0.728625 0.369778 0.008250 0.029333
2 0.642750 0.288667 0.014500 0.019111
3 0.611125 0.256889 0.021750 0.021333
2 0.525250 0.420000 0.007500 0.018667
2 0.521500 0.474222 0.017000 0.039111
3 0.512500 0.452667 0.014000 0.050222
2 0.332750 0.460667 0.019500 0.034222
3 0.344375 0.454222 0.010250 0.042667
3 0.332625 0.429556 0.014250 0.040444
3 0.338500 0.392222 0.010500 0.015556
3 0.338500 0.410444 0.010500 0.020889
3 0.362375 0.416444 0.020250 0.030222
