2 0.868125 0.742889 0.031250 0.060000
2 0.854875 0.732000 0.011250 0.020444
3 0.952125 0.916222 0.009750 0.031556
3 0.887250 0.747333 0.015000 0.033333
2 0.947500 0.768000 0.031500 0.053333
2 0.862750 0.695333 0.011500 0.018222
2 0.875625 0.782222 0.026250 0.035556
2 0.875625 0.802222 0.026250 0.004444
2 0.915125 0.941778 0.015250 0.022222
2 0.774500 0.873333 0.017500 0.037333
2 0.724500 0.734889 0.029000 0.065333
2 0.738625 0.798222 0.017250 0.003556
2 0.738625 0.818667 0.017250 0.037333
3 0.798500 0.757778 0.003000 0.034667
3 0.804500 0.757778 0.009000 0.034667
2 0.706500 0.688222 0.014000 0.023556
1 0.694500 0.684000 0.014500 0.026667
2 0.599625 0.612000 0.000750 0.013333
2 0.601625 0.612000 0.003250 0.013333
2 0.683750 0.623333 0.008000 0.023556
3 0.576750 0.536000 0.009000 0.048889
3 0.664375 0.502000 0.016250 0.039556
2 0.777250 0.569556 0.014000 0.024444
2 0.620500 0.478222 0.033500 0.068444
3 0.752750 0.420667 0.022500 0.035111
2 0.795750 0.157111 0.008500 0.020889
2 0.801625 0.157111 0.003250 0.020889
2 0.766625 0.170444 0.020750 0.046667
2 0.672250 0.280889 0.012500 0.023111
2 0.684375 0.221111 0.023250 0.042222
3 0.780500 0.195111 0.025500 0.009778
3 0.780500 0.214889 0.025500 0.029778
3 0.712375 0.126222 0.015750 0.040889
3 0.681750 0.130444 0.014500 0.043111
2 0.731625 0.040889 0.014750 0.024889
2 0.628000 0.068889 0.026500 0.035556
