3 0.943875 0.865556 0.010250 0.036889
2 0.945625 0.723111 0.030750 0.054222
2 0.764250 0.125333 0.020000 0.046222
2 0.794375 0.112222 0.011250 0.021778
2 0.800125 0.112222 0.000250 0.021778
3 0.778375 0.165556 0.027750 0.037778
3 0.707125 0.076667 0.017750 0.041333
2 0.681125 0.175778 0.022750 0.043111
3 0.679000 0.083556 0.014500 0.043556
2 0.670250 0.234667 0.010500 0.024000
2 0.908625 0.464667 0.012250 0.020000
2 0.858500 0.650444 0.012000 0.017333
3 0.884250 0.703333 0.015000 0.033333
3 0.852375 0.595778 0.028750 0.008444
3 0.852375 0.612667 0.028750 0.025333
2 0.851875 0.689333 0.014250 0.019556
2 0.774250 0.525111 0.014000 0.025333
3 0.750625 0.375333 0.021750 0.033333
3 0.660875 0.456000 0.015250 0.040000
2 0.745625 0.550000 0.025750 0.044889
3 0.797125 0.712444 0.005750 0.035556
3 0.802875 0.712444 0.005750 0.035556
1 0.689000 0.643556 0.016500 0.027556
2 0.597625 0.567111 0.004250 0.012444
2 0.646750 0.554444 0.013500 0.022667
2 0.649125 0.629778 0.014750 0.040000
1 0.799000 0.994000 0.002000 0.012000
1 0.804125 0.994000 0.008250 0.012000
2 0.557125 0.710667 0.023250 0.028444
2 0.480875 0.639333 0.015250 0.028000
3 0.541750 0.436889 0.025500 0.031111
2 0.520750 0.164444 0.042500 0.071111
2 0.520750 0.205111 0.042500 0.010222
2 0.314250 0.128889 0.028000 0.068444
