2 0.678250 0.449778 0.023500 0.025778
3 0.681750 0.486000 0.011500 0.047556
3 0.725625 0.426889 0.027750 0.016444
3 0.764750 0.635778 0.012500 0.039556
3 0.825750 0.542444 0.026000 0.019111
3 0.956375 0.292444 0.015250 0.046222
2 0.849750 0.347111 0.009000 0.023111
2 0.884625 0.302222 0.014250 0.024000
3 0.942250 0.507111 0.023000 0.050667
1 0.870750 0.564000 0.011000 0.032889
1 0.990250 0.485778 0.019500 0.016000
1 0.990000 0.278222 0.019500 0.020444
3 0.627750 0.058444 0.013500 0.060000
3 0.452250 0.389333 0.023500 0.021333
3 0.452250 0.407556 0.023500 0.015111
2 0.365375 0.348667 0.023250 0.029778
