2 0.550000 0.699333 0.017500 0.032444
2 0.556875 0.733333 0.023250 0.044444
2 0.550625 0.091111 0.018250 0.033778
2 0.032375 0.594667 0.036250 0.010667
2 0.032375 0.612222 0.036250 0.024444
2 0.394125 0.191556 0.011750 0.016889
2 0.394125 0.202222 0.011750 0.004444
2 0.401250 0.191556 0.002500 0.016889
2 0.401250 0.202222 0.002500 0.004444
2 0.329625 0.302889 0.015250 0.030667
2 0.272750 0.274667 0.019500 0.024889
1 0.379125 0.335778 0.020250 0.018222
2 0.315625 0.364222 0.047750 0.071556
2 0.315625 0.408222 0.047750 0.016444
3 0.230250 0.444667 0.027500 0.043111
2 0.445750 0.486000 0.065000 0.061778
2 0.594250 0.651333 0.011500 0.032444
2 0.600875 0.651333 0.001750 0.032444
2 0.584000 0.464889 0.018500 0.038222
2 0.551875 0.508222 0.041250 0.044889
2 0.497500 0.506667 0.020500 0.036444
