2 0.411250 0.180222 0.020500 0.032444
3 0.423375 0.174889 0.010250 0.045778
3 0.411500 0.149556 0.015000 0.042222
3 0.417000 0.124222 0.010000 0.036000
3 0.441375 0.136889 0.020750 0.032000
2 0.667125 0.110889 0.012750 0.020000
3 0.592875 0.171333 0.013250 0.050222
2 0.596250 0.186444 0.007500 0.027111
2 0.596250 0.208222 0.007500 0.016444
2 0.605500 0.186444 0.011000 0.027111
2 0.605500 0.208222 0.011000 0.016444
2 0.604875 0.138667 0.007250 0.021333
1 0.644375 0.304444 0.016750 0.019556
1 0.637375 0.289778 0.016750 0.018667
1 0.622875 0.336444 0.010750 0.030222
3 0.640125 0.312444 0.026250 0.027556
3 0.599375 0.315111 0.001250 0.038222
3 0.603500 0.315111 0.007000 0.038222
3 0.678875 0.224889 0.019750 0.039111
2 0.652000 0.351556 0.023000 0.036444
3 0.718000 0.454000 0.030000 0.024444
