2 0.183375 0.698889 0.025250 0.040444
2 0.283375 0.860444 0.026750 0.040000
2 0.377000 0.563111 0.014000 0.022222
2 0.391250 0.558444 0.006000 0.014667
2 0.383875 0.544222 0.014750 0.018222
2 0.500750 0.448222 0.009500 0.015556
2 0.642250 0.300000 0.010000 0.018667
2 0.664000 0.312444 0.007000 0.025778
2 0.762250 0.450222 0.013000 0.024889
2 0.759000 0.419333 0.012000 0.020000
2 0.664375 0.582000 0.011750 0.019111
2 0.646000 0.589556 0.011000 0.020889
2 0.646000 0.602889 0.011000 0.005778
2 0.868625 0.646667 0.026750 0.066667
