2 0.764375 0.698667 0.022250 0.056889
2 0.664875 0.556667 0.052750 0.086667
2 0.664875 0.619333 0.052750 0.038667
2 0.680875 0.370667 0.027250 0.049778
2 0.686000 0.326222 0.019500 0.032889
2 0.703375 0.339556 0.020750 0.029333
3 0.714125 0.247333 0.015750 0.046667
2 0.922625 0.226444 0.020750 0.023556
1 0.945500 0.224444 0.007500 0.016000
2 0.936625 0.247111 0.031250 0.024889
2 0.935375 0.199111 0.023750 0.001778
2 0.935375 0.216444 0.023750 0.032889
2 0.909625 0.267778 0.021250 0.078667
2 0.933875 0.774444 0.021750 0.036889
2 0.443500 0.389111 0.026500 0.021778
2 0.443500 0.410667 0.026500 0.021333
2 0.506500 0.394667 0.015500 0.010667
2 0.506500 0.410222 0.015500 0.020444
2 0.475875 0.335333 0.049750 0.091111
2 0.343875 0.273333 0.029750 0.041778
2 0.300750 0.694444 0.023500 0.041333
2 0.321500 0.907333 0.019000 0.065333
