2 0.531250 0.427111 0.010500 0.016889
2 0.139000 0.273111 0.031000 0.053778
1 0.437750 0.562667 0.011500 0.009778
2 0.379000 0.528667 0.011000 0.015556
2 0.394750 0.579556 0.010500 0.040889
2 0.394750 0.604667 0.010500 0.009333
2 0.408625 0.579556 0.017250 0.040889
2 0.408625 0.604667 0.017250 0.009333
3 0.356250 0.624000 0.015500 0.024889
2 0.182625 0.468667 0.014250 0.024444
2 0.180625 0.486889 0.016750 0.015556
2 0.189500 0.365556 0.013500 0.026222
2 0.216500 0.385778 0.016000 0.024000
2 0.214625 0.497111 0.014250 0.022667
3 0.171500 0.513333 0.012500 0.020444
2 0.159750 0.523778 0.011500 0.020000
