2 0.672500 0.590222 0.019000 0.019556
2 0.672500 0.603333 0.019000 0.006667
1 0.511500 0.440222 0.013500 0.020889
1 0.501250 0.614444 0.019500 0.015556
2 0.550875 0.563333 0.021250 0.020889
2 0.612875 0.474444 0.013250 0.044889
2 0.607250 0.511556 0.012500 0.016889
1 0.698375 0.546000 0.011750 0.028000
3 0.529875 0.584667 0.013750 0.025333
3 0.502750 0.592222 0.028500 0.015556
3 0.502750 0.603556 0.028500 0.007111
1 0.571500 0.496000 0.017000 0.039111
1 0.637375 0.422667 0.012750 0.032000
1 0.495250 0.544222 0.020500 0.030667
1 0.491750 0.430444 0.010500 0.037778
