2 0.678250 0.449778 0.023750 0.026222
3 0.681750 0.486222 0.011750 0.048000
3 0.725750 0.427111 0.028000 0.016889
3 0.764750 0.636000 0.012750 0.040000
3 0.825750 0.542667 0.026250 0.019556
3 0.956500 0.292444 0.015500 0.046667
2 0.849750 0.347111 0.009250 0.023556
2 0.884750 0.302222 0.014500 0.024444
3 0.942250 0.507111 0.023250 0.051111
1 0.870750 0.564000 0.011250 0.033333
1 0.990250 0.485778 0.019750 0.016444
1 0.990000 0.278222 0.019750 0.020889
3 0.627750 0.058667 0.013750 0.060444
3 0.452250 0.396889 0.023750 0.036889
2 0.365500 0.348889 0.023500 0.030222