2 0.395 0.6948888888888889 0.007 0.012888888888888889
2 0.95675 0.9195555555555556 0.0185 0.03822222222222222
2 0.923125 0.7702222222222223 0.01825 0.032
2 0.48475 0.4686666666666667 0.0125 0.020888888888888887
2 0.471125 0.47155555555555556 0.01225 0.018666666666666668
2 0.465375 0.4488888888888889 0.01525 0.021333333333333333
2 0.4535 0.45644444444444443 0.0145 0.016888888888888887
2 0.47625 0.49622222222222223 0.0215 0.03955555555555555
2 0.454625 0.482 0.02025 0.04044444444444444
2 0.439875 0.40066666666666667 0.01425 0.025333333333333333
2 0.1665 0.39266666666666666 0.045 0.07244444444444445
