2 0.34625 0.32466666666666666 0.0195 0.04044444444444444
2 0.243 0.24244444444444443 0.0205 0.04044444444444444
2 0.018 0.5735555555555556 0.024 0.043111111111111114
2 0.067625 0.6093333333333333 0.02925 0.04533333333333334
2 0.00575 0.7702222222222223 0.0105 0.036444444444444446
2 0.007 0.7977777777777778 0.0135 0.02311111111111111
2 0.059875 0.7842222222222223 0.01875 0.024444444444444446
2 0.062375 0.8146666666666667 0.03075 0.044444444444444446
2 0.355625 0.8588888888888889 0.01775 0.030666666666666665
2 0.39925 0.956 0.049 0.08711111111111111
2 0.475625 0.7735555555555556 0.01325 0.02711111111111111
1 0.460625 0.9177777777777778 0.02025 0.02311111111111111
2 0.625875 0.6637777777777778 0.01875 0.03155555555555556
