2 0.415375 0.8668888888888889 0.16475 0.19955555555555557
2 0.922125 0.11933333333333333 0.00425 0.008444444444444444
2 0.821 0.2088888888888889 0.0035 0.006222222222222222
2 0.568875 0.11822222222222223 0.00925 0.008888888888888889
2 0.5435 0.06577777777777778 0.0095 0.012444444444444444
2 0.817625 0.286 0.00575 0.012
2 0.8005 0.34444444444444444 0.035 0.04622222222222222
2 0.5935 0.5477777777777778 0.012 0.02
2 0.120625 0.15355555555555556 0.03575 0.03244444444444444
2 0.31075 0.7982222222222223 0.0125 0.015111111111111112
2 0.34275 0.71 0.0215 0.030666666666666665
2 0.429 0.21266666666666667 0.0105 0.029777777777777778
2 0.28825 0.38355555555555554 0.0205 0.05333333333333334
