2 0.34725 0.3108888888888889 0.082 0.15422222222222223
3 0.607625 0.5244444444444445 0.02725 0.051555555555555556
3 0.57 0.41244444444444445 0.034 0.07022222222222223
2 0.444125 0.5651111111111111 0.04375 0.044
2 0.439 0.5206666666666667 0.0285 0.07777777777777778
2 0.44025 0.602 0.0255 0.06711111111111111
2 0.4695 0.5395555555555556 0.0265 0.06133333333333333
2 0.4665 0.6048888888888889 0.0275 0.064
2 0.476 0.7262222222222222 0.0215 0.042666666666666665
2 0.472375 0.6704444444444444 0.01625 0.03333333333333333
2 0.448625 0.6457777777777778 0.02225 0.035555555555555556
2 0.4385 0.6573333333333333 0.024 0.037333333333333336
2 0.43075 0.6795555555555556 0.041 0.05333333333333334
2 0.40825 0.7446666666666667 0.043 0.08844444444444445
2 0.376875 0.7684444444444445 0.04375 0.10311111111111111
2 0.466 0.8862222222222222 0.0145 0.016888888888888887
2 0.461875 0.8804444444444445 0.00925 0.049777777777777775
2 0.487375 0.8724444444444445 0.02575 0.018666666666666668
