2 0.607625 0.23755555555555555 0.04025 0.05733333333333333
2 0.610125 0.15644444444444444 0.02025 0.036444444444444446
2 0.656625 0.20155555555555554 0.01325 0.020888888888888887
2 0.70325 0.2786666666666667 0.0135 0.028444444444444446
2 0.709875 0.19133333333333333 0.02075 0.03333333333333333
2 0.693 0.24666666666666667 0.0225 0.036444444444444446
2 0.4345 0.37 0.014 0.030666666666666665
2 0.257375 0.7291111111111112 0.02025 0.03777777777777778
2 0.33375 0.41933333333333334 0.028 0.030666666666666665
2 0.351375 0.35288888888888886 0.03675 0.08177777777777778
1 0.466625 0.38133333333333336 0.01575 0.035555555555555556
2 0.542375 0.46955555555555556 0.03825 0.12666666666666668
2 0.4475 0.45155555555555554 0.0175 0.03111111111111111
2 0.431875 0.4673333333333333 0.01625 0.026222222222222223
2 0.231625 0.36044444444444446 0.02525 0.041777777777777775
