2 0.886375 0.6117777777777778 0.01625 0.028
2 0.961875 0.6482222222222223 0.02225 0.036
1 0.91575 0.6406666666666667 0.016 0.02711111111111111
1 0.98425 0.504 0.0195 0.015111111111111112
1 0.99275 0.21755555555555556 0.0145 0.018222222222222223
3 0.969125 0.2597777777777778 0.02525 0.020888888888888887
3 0.921375 0.25822222222222224 0.02175 0.016888888888888887
2 0.902 0.23755555555555555 0.0135 0.021777777777777778
2 0.870375 0.27755555555555556 0.00825 0.020888888888888887
3 0.796 0.5328888888888889 0.011 0.035555555555555556
3 0.807625 0.38711111111111113 0.00775 0.03911111111111111
3 0.67125 0.025777777777777778 0.011 0.050666666666666665
2 0.62275 0.30266666666666664 0.017 0.041777777777777775
2 0.551875 0.10955555555555556 0.02525 0.04044444444444444
2 0.387875 0.005111111111111111 0.00875 0.009333333333333334
3 0.519375 0.3244444444444444 0.02125 0.033777777777777775
2 0.443125 0.2826666666666667 0.02025 0.03111111111111111
3 0.3875 0.354 0.019 0.016444444444444446
