2 0.467875 0.6211111111111111 0.01725 0.023555555555555555
2 0.340625 0.172 0.01825 0.04088888888888889
2 0.621625 0.5131111111111111 0.01825 0.03244444444444444
2 0.625875 0.9384444444444444 0.04375 0.04933333333333333
2 0.658 0.886 0.02 0.036
2 0.553125 0.7502222222222222 0.02125 0.024888888888888887
2 0.572875 0.9431111111111111 0.02375 0.03911111111111111
2 0.52125 0.9228888888888889 0.0645 0.07155555555555555
2 0.404625 0.7317777777777777 0.01475 0.029777777777777778
2 0.3475 0.7046666666666667 0.018 0.030666666666666665
1 0.452875 0.7637777777777778 0.02125 0.023555555555555555
2 0.39075 0.8066666666666666 0.05 0.09688888888888889
3 0.30675 0.8824444444444445 0.028 0.044
2 0.049125 0.6482222222222223 0.02975 0.03866666666666667
2 0.048625 0.622 0.01975 0.024444444444444446
2 0.01075 0.4117777777777778 0.021 0.04755555555555555
2 0.05675 0.448 0.03 0.044444444444444446
