2 0.363 0.42177777777777775 0.0175 0.02311111111111111
2 0.367125 0.43822222222222224 0.01575 0.016
1 0.359625 0.4255555555555556 0.00525 0.007555555555555556
2 0.373625 0.41844444444444445 0.01125 0.016444444444444446
2 0.362 0.4037777777777778 0.012 0.01911111111111111
2 0.351125 0.43022222222222223 0.01125 0.020444444444444446
2 0.383625 0.43422222222222223 0.00525 0.012444444444444444
0 0.42375 0.44533333333333336 0.008 0.0071111111111111115
3 0.4155 0.4457777777777778 0.0065 0.018666666666666668
2 0.434 0.4697777777777778 0.0125 0.024
1 0.44475 0.47888888888888886 0.006 0.011111111111111112
3 0.44175 0.43777777777777777 0.0135 0.013333333333333334
3 0.436375 0.49266666666666664 0.00725 0.012
