2 0.23125 0.5184444444444445 0.0215 0.028888888888888888
2 0.506375 0.33466666666666667 0.01775 0.034666666666666665
2 0.287125 0.5462222222222223 0.01525 0.030222222222222223
2 0.22925 0.009777777777777778 0.019 0.018666666666666668
2 0.352875 0.43755555555555553 0.01375 0.02
3 0.1875 0.6904444444444444 0.0265 0.042222222222222223
2 0.400875 0.7297777777777777 0.06625 0.06755555555555555
2 0.45275 0.7508888888888889 0.019 0.03688888888888889
1 0.336125 0.5775555555555556 0.01975 0.020888888888888887
2 0.27225 0.6191111111111111 0.0475 0.09333333333333334
