2 0.340875 0.6784444444444444 0.01725 0.03333333333333333
2 0.61675 0.7944444444444444 0.0185 0.03155555555555556
1 0.1685 0.32711111111111113 0.0195 0.019555555555555555
2 0.120375 0.30044444444444446 0.01725 0.032
2 0.06575 0.274 0.0195 0.023555555555555555
2 0.104625 0.3671111111111111 0.04325 0.08444444444444445
3 0.42425 0.93 0.0275 0.03955555555555555
2 0.514125 0.8493333333333334 0.03875 0.059555555555555556
2 0.5985 0.8506666666666667 0.022 0.043555555555555556
2 0.515 0.7682222222222223 0.0185 0.03688888888888889
