2 0.505125 0.19577777777777777 0.01925 0.03244444444444444
2 0.53075 0.20177777777777778 0.0215 0.027555555555555555
2 0.6225 0.009333333333333334 0.021 0.017777777777777778
2 0.625875 0.08155555555555556 0.02475 0.08488888888888889
2 0.622125 0.10111111111111111 0.01825 0.052
2 0.655125 0.06977777777777777 0.02225 0.04
3 0.75 0.224 0.033 0.02666666666666667
1 0.769375 0.08666666666666667 0.02225 0.030222222222222223
3 0.766125 0.11577777777777777 0.03025 0.04044444444444444
2 0.785625 0.37222222222222223 0.01925 0.024444444444444446
2 0.11225 0.5371111111111111 0.0255 0.04044444444444444
2 0.427875 0.14444444444444443 0.02075 0.037333333333333336
2 0.334375 0.12911111111111112 0.04825 0.09377777777777778
2 0.159 0.11222222222222222 0.029 0.043111111111111114
2 0.276625 0.9457777777777778 0.02325 0.03911111111111111
2 0.118625 0.7442222222222222 0.01625 0.06444444444444444
2 0.50075 0.6173333333333333 0.0155 0.03111111111111111
2 0.679625 0.5055555555555555 0.01975 0.044
2 0.66225 0.30177777777777776 0.0315 0.04711111111111111
2 0.617375 0.3151111111111111 0.03175 0.028444444444444446
2 0.483375 0.43244444444444446 0.05825 0.11644444444444445
