2 0.042375 0.6288888888888889 0.03625 0.04711111111111111
2 0.265875 0.466 0.01775 0.06
2 0.338125 0.624 0.01975 0.036444444444444446
2 0.233625 0.6268888888888889 0.04775 0.11422222222222222
2 0.620375 0.9906666666666667 0.01775 0.018666666666666668
2 0.403625 0.942 0.05875 0.11511111111111111
2 0.42525 0.6608888888888889 0.0195 0.03111111111111111
2 0.45325 0.662 0.022 0.03244444444444444
2 0.547625 0.5466666666666666 0.01675 0.048
2 0.552125 0.5288888888888889 0.02875 0.07733333333333334
2 0.58275 0.5133333333333333 0.0225 0.03911111111111111
1 0.708375 0.5162222222222222 0.02425 0.03333333333333333
3 0.7045 0.5484444444444444 0.0335 0.04711111111111111
2 0.547125 0.7915555555555556 0.03325 0.03822222222222222
2 0.594375 0.7662222222222222 0.02725 0.04888888888888889
2 0.69025 0.6731111111111111 0.035 0.02711111111111111
2 0.72875 0.8468888888888889 0.021 0.03333333333333333
