2 0.821875 0.25333333333333335 0.00775 0.016888888888888887
2 0.849375 0.26622222222222225 0.02075 0.028444444444444446
2 0.885125 0.5026666666666667 0.00725 0.011555555555555555
2 0.8805 0.4097777777777778 0.01 0.018666666666666668
2 0.88575 0.43244444444444446 0.014 0.024
2 0.8815 0.5013333333333333 0.003 0.024
2 0.893 0.4968888888888889 0.0125 0.009777777777777778
2 0.635625 0.4182222222222222 0.00925 0.016888888888888887
3 0.658125 0.4613333333333333 0.01525 0.028444444444444446
3 0.583625 0.47444444444444445 0.01025 0.028888888888888888
3 0.611625 0.336 0.02175 0.036444444444444446
1 0.486625 0.41933333333333334 0.01475 0.021777777777777778
2 0.5345 0.3368888888888889 0.0235 0.041777777777777775
2 0.427625 0.35888888888888887 0.00625 0.012
2 0.4485 0.3446666666666667 0.0115 0.02
2 0.713875 0.47444444444444445 0.02775 0.044
2 0.629875 0.4504444444444444 0.01275 0.016444444444444446
2 0.55925 0.31244444444444447 0.0115 0.022222222222222223
2 0.676875 0.252 0.01025 0.018666666666666668
2 0.777625 0.012 0.00575 0.010666666666666666
3 0.55875 0.0071111111111111115 0.0205 0.013333333333333334
3 0.459125 0.25755555555555554 0.01325 0.036
3 0.53575 0.1831111111111111 0.0185 0.027555555555555555
2 0.46325 0.06577777777777778 0.01 0.021333333333333333
2 0.47225 0.015333333333333332 0.0215 0.029777777777777778
3 0.30475 0.013555555555555555 0.026 0.026222222222222223
2 0.228375 0.5235555555555556 0.04175 0.07644444444444444
2 0.443125 0.66 0.00725 0.0071111111111111115
3 0.7125 0.5991111111111111 0.0085 0.032
1 0.593625 0.7246666666666667 0.01275 0.026222222222222223
1 0.64975 0.9782222222222222 0.0085 0.027555555555555555
