2 0.39875 0.9162222222222223 0.0235 0.05555555555555555
2 0.388125 0.914 0.01375 0.02711111111111111
2 0.398 0.8068888888888889 0.009 0.029777777777777778
2 0.402625 0.508 0.01425 0.021333333333333333
2 0.385375 0.7086666666666667 0.01025 0.02
2 0.4495 0.5615555555555556 0.013 0.021777777777777778
2 0.463875 0.5306666666666666 0.02075 0.04088888888888889
2 0.48175 0.5366666666666666 0.014 0.012888888888888889
2 0.4945 0.5804444444444444 0.0095 0.017777777777777778
2 0.4975 0.6097777777777778 0.009 0.014222222222222223
2 0.506625 0.6053333333333333 0.00975 0.016
2 0.505875 0.5635555555555556 0.01325 0.024
1 0.522875 0.572 0.00975 0.016888888888888887
3 0.55475 0.5491111111111111 0.0165 0.015555555555555555
2 0.610125 0.5313333333333333 0.02375 0.023555555555555555
2 0.618125 0.48933333333333334 0.01025 0.020444444444444446
2 0.65625 0.5595555555555556 0.0125 0.016888888888888887
