1 0.959125 0.3208888888888889 0.01075 0.019555555555555555
2 0.949875 0.31355555555555553 0.02425 0.044
2 0.935375 0.3224444444444444 0.02075 0.028888888888888888
2 0.95175 0.3406666666666667 0.0305 0.024444444444444446
2 0.9265 0.36333333333333334 0.0235 0.08044444444444444
3 0.7265 0.34044444444444444 0.016 0.048
2 0.7155 0.43466666666666665 0.0225 0.03111111111111111
2 0.698 0.42088888888888887 0.019 0.032
2 0.69325 0.4666666666666667 0.028 0.051555555555555556
2 0.54875 0.606 0.02 0.03244444444444444
2 0.6785 0.6804444444444444 0.0535 0.12533333333333332
2 0.785 0.8651111111111112 0.0145 0.030666666666666665
2 0.778375 0.7995555555555556 0.02225 0.058666666666666666
2 0.329125 0.9944444444444445 0.01325 0.011111111111111112
2 0.49375 0.4882222222222222 0.023 0.03155555555555556
2 0.48475 0.43644444444444447 0.0485 0.08977777777777778
2 0.451375 0.49733333333333335 0.02575 0.04533333333333334
2 0.353 0.37555555555555553 0.03 0.041777777777777775
2 0.31 0.8015555555555556 0.023 0.04133333333333333
