2 0.011 0.24155555555555555 0.0215 0.06977777777777777
2 0.200125 0.5313333333333333 0.02475 0.03777777777777778
2 0.13525 0.5737777777777778 0.0385 0.064
2 0.165875 0.5588888888888889 0.02925 0.06444444444444444
2 0.174 0.5002222222222222 0.028 0.05466666666666667
2 0.196125 0.5666666666666667 0.04425 0.06755555555555555
2 0.1895 0.45955555555555555 0.018 0.03111111111111111
2 0.135875 0.5117777777777778 0.04425 0.0768888888888889
2 0.16375 0.6195555555555555 0.025 0.042666666666666665
2 0.22025 0.4955555555555556 0.026 0.043555555555555556
2 0.245375 0.6466666666666666 0.01875 0.030222222222222223
2 0.290875 0.5482222222222223 0.01625 0.042222222222222223
2 0.259375 0.5884444444444444 0.02275 0.036444444444444446
