0 0.988125 0.021333333333333333 0.00375 0.006222222222222222
0 0.855625 0.02822222222222222 0.00575 0.004888888888888889
2 0.62025 0.12133333333333333 0.005 0.009777777777777778
2 0.6705 0.11777777777777777 0.012 0.016888888888888887
2 0.433 0.13466666666666666 0.008 0.015111111111111112
2 0.413375 0.36377777777777776 0.00675 0.009333333333333334
0 0.4815 0.218 0.116 0.042222222222222223
2 0.8615 0.5295555555555556 0.024 0.05377777777777778
2 0.713875 0.7382222222222222 0.01925 0.022222222222222223
0 0.502125 0.3957777777777778 0.01375 0.03422222222222222
