3 0.007500000000000007 0.9416649999999999 0.015 0.11667
2 0.6124999999999997 0.28666499999999984 0.04499999999999999 0.086665
2 0.5874999999999997 0.33111 0.09374999999999999 0.146665
2 0.7062499999999999 0.32 0.1225 0.07778
2 0.6724999999999998 0.504445 0.06 0.11555499999999999
2 0.6462499999999999 0.7155549999999999 0.05499999999999999 0.09333499999999999
2 0.5737500000000001 0.9849999999999998 0.08375 0.03
3 0.67 0.9844449999999999 0.08999999999999998 0.031115
3 0.4224999999999998 0.8599999999999997 0.06999999999999999 0.18888999999999997
3 0.42874999999999996 0.28666499999999984 0.05125 0.23778
2 0.32124999999999987 0.23110999999999993 0.13749999999999998 0.23778
