2 0.6762499999999999 0.3555549999999996 0.16 0.273335
2 0.5937500000000001 0.18444499999999975 0.07375 0.146665
2 0.5737500000000001 0.12221999999999955 0.08 0.13333499999999998
2 0.8949999999999997 0.4444449999999994 0.057499999999999996 0.073335
2 0.6074999999999997 0.5111099999999996 0.10874999999999999 0.19333499999999998
2 0.5412499999999998 0.4222199999999998 0.10625 0.17777999999999997
2 0.6687499999999996 0.6577799999999995 0.1475 0.29778
3 0.07124999999999992 0.9683349999999996 0.10375 0.06333499999999999
3 0.34 0.8155549999999995 0.1025 0.08888999999999998
3 0.49625 0.5644449999999995 0.05374999999999999 0.16
3 0.6662499999999999 0.0888899999999998 0.09624999999999999 0.17777500000000002
3 0.006874999999999798 0.03555499999999934 0.013749999999999998 0.07110999999999999
3 0.25749999999999995 0.1777799999999996 0.04125 0.21999999999999997
