1 0.8081250000000001 0.66 0.03875 0.11110999999999999
1 0.78625 0.0466649999999999 0.04 0.08888999999999998
2 0.4143749999999999 0.63778 0.048749999999999995 0.06666499999999999
2 0.41624999999999995 0.6766649999999996 0.057499999999999996 0.073335
2 0.04999999999999977 0.004444999999999866 0.075 0.00889
2 0.0025000000000000022 0.057779999999999776 0.005 0.06666499999999999
2 0.32062499999999994 0.6066650000000001 0.048749999999999995 0.12
3 0.5031249999999998 0.10221999999999981 0.02625 0.146665
2 0.28874999999999984 0.5099999999999999 0.06749999999999999 0.11778
2 0.20374999999999976 0.25777999999999995 0.0625 0.11555499999999999
