2 0.02187499999999981 0.9622199999999997 0.043750000000000004 0.075555
2 0.10374999999999995 0.019999999999999463 0.06749999999999999 0.04
2 0.32812499999999994 0.24221999999999966 0.06374999999999999 0.106665
2 0.40124999999999994 0.09666499999999967 0.10999999999999999 0.19333499999999998
2 0.4849999999999999 0.11777999999999955 0.0625 0.07110999999999999
2 0.5456250000000001 0.3344449999999993 0.04624999999999999 0.086665
2 0.5612499999999998 0.4811099999999996 0.049999999999999996 0.073335
2 0.6 0.25555499999999953 0.0625 0.12
1 0.6843749999999998 0.2944449999999993 0.05125 0.086665
2 0.6081249999999999 0.4599999999999993 0.04624999999999999 0.08
3 0.7137499999999997 0.7388899999999998 0.057499999999999996 0.104445
3 0.8381250000000001 0.1799999999999996 0.08125 0.08
2 0.8599999999999997 0.6444449999999996 0.1175 0.30222
