2 0.5237499999999995 0.43666499999999997 0.057499999999999996 0.09555499999999999
3 0.7306249999999997 0.2633349999999998 0.07125 0.073335
2 0.4393749999999996 0.008890000000000009 0.033749999999999995 0.01778
3 0.44749999999999956 0.011110000000000009 0.06749999999999999 0.02222
3 0.7681249999999995 0.028890000000000027 0.06624999999999999 0.05778
2 0.013749999999999596 0.07444499999999993 0.027499999999999997 0.08222
2 0.2262499999999995 0.19666499999999976 0.049999999999999996 0.073335
2 0.12687499999999963 0.7244449999999997 0.13374999999999998 0.253335
2 0.42812499999999976 0.46777999999999986 0.07125 0.06888999999999999
2 0.8031249999999995 0.6166650000000001 0.043750000000000004 0.06
2 0.5631249999999993 0.9055550000000001 0.03875 0.09999999999999999
