3 0.6912499999999999 0.503335 0.0825 0.104445
2 0.965625 0.05666499999999991 0.05374999999999999 0.104445
2 0.9493750000000001 0.29555499999999985 0.10124999999999999 0.16
2 0.15 0.7744449999999999 0.08 0.09555499999999999
2 0.1974999999999999 0.5866649999999998 0.10749999999999998 0.235555
2 0.2506249999999999 0.7044449999999999 0.06125 0.06666499999999999
2 0.2981249999999999 0.58778 0.07125 0.05555499999999999
1 0.5387500000000001 0.6833349999999999 0.047499999999999994 0.09555499999999999
2 0.43562500000000004 0.67222 0.07375 0.13110999999999998
2 0.4274999999999998 0.9255549999999998 0.049999999999999996 0.06888999999999999
2 0.39374999999999993 0.783335 0.05499999999999999 0.08222
2 0.47499999999999987 0.8833349999999998 0.05499999999999999 0.086665
2 0.7349999999999998 0.8799999999999999 0.10749999999999998 0.24
