2 0.3 0.4299999999999998 0.16 0.21111
2 0.24625 0.5077799999999999 0.16 0.19333499999999998
2 0.33 0.30555499999999985 0.09249999999999999 0.13110999999999998
2 0.253125 0.26888999999999996 0.08874999999999998 0.12888999999999998
2 0.395625 0.3999999999999998 0.08125 0.084445
2 0.1525 0.6166650000000001 0.09499999999999999 0.16222
1 0.814375 0.5311099999999996 0.04624999999999999 0.106665
1 0.6506249999999999 0.4011099999999998 0.03125 0.08222
1 0.25125 0.4099999999999998 0.04 0.04222
2 0.7424999999999999 0.48110999999999987 0.085 0.14889
3 0.61625 0.3999999999999998 0.06999999999999999 0.12888999999999998
1 0.7587499999999999 0.29 0.0625 0.104445
3 0.7775 0.6155549999999999 0.04499999999999999 0.08888999999999998
