2 0.33062499999999995 0.733335 0.10625 0.155555
2 0.27624999999999983 0.90111 0.1225 0.19777999999999998
2 0.18937499999999996 0.7511099999999998 0.14125 0.24
1 0.2587499999999998 0.65778 0.1225 0.09777999999999999
1 0.13812499999999978 0.8199999999999998 0.04125 0.09333499999999999
2 0.07687499999999986 0.8011099999999999 0.08375 0.12222
2 0.2362499999999998 0.533335 0.1625 0.17333500000000002
2 0.3999999999999998 0.7066649999999999 0.09499999999999999 0.124445
2 0.05124999999999991 0.9299999999999999 0.1025 0.13999999999999999
2 0.08187499999999986 0.57222 0.13124999999999998 0.286665
