2 0.024374999999999813 0.5399999999999999 0.048749999999999995 0.106665
2 0.24749999999999994 0.8077800000000002 0.06499999999999999 0.10888999999999999
2 0.3193749999999998 0.6533349999999999 0.10375 0.204445
2 0.40874999999999995 0.6833349999999999 0.06999999999999999 0.06444499999999999
2 0.47249999999999986 0.9022199999999997 0.047499999999999994 0.08888999999999998
2 0.5331249999999998 0.9933349999999996 0.048749999999999995 0.013335
2 0.5293749999999997 0.8177799999999996 0.06624999999999999 0.12
1 0.6143749999999998 0.8599999999999997 0.048749999999999995 0.084445
3 0.7737499999999997 0.745555 0.0825 0.07778
2 0.995625 0.6566650000000002 0.008749999999999999 0.11778
