0 0.51875 0.39444499999999993 0.032499999999999994 0.10888999999999999
3 0.44062499999999977 0.25221999999999994 0.05875 0.04666499999999999
3 0.26687499999999975 0.6488899999999997 0.08625000000000001 0.05778
3 0.3787499999999999 0.9622199999999997 0.027499999999999997 0.075555
1 0.20374999999999976 0.8644449999999998 0.04499999999999999 0.106665
1 0.2956249999999999 0.39333499999999993 0.03125 0.075555
1 0.4631249999999998 0.59222 0.04125 0.06888999999999999
1 0.38437499999999986 0.7244449999999997 0.03625 0.106665
1 0.5206250000000001 0.8411099999999999 0.033749999999999995 0.09555499999999999
1 0.5549999999999999 0.5755549999999998 0.0425 0.075555
