1 0.6874999999999998 0.32889 0.049999999999999996 0.075555
1 0.501875 0.017780000000000018 0.028749999999999998 0.035554999999999996
1 0.285 0.10999999999999982 0.022499999999999996 0.06
3 0.35749999999999976 0.28444499999999984 0.049999999999999996 0.09777999999999999
2 0.06249999999999978 0.60222 0.057499999999999996 0.06666499999999999
2 0.19124999999999975 0.7200000000000001 0.0775 0.09333499999999999
2 0.47437499999999994 0.6888899999999998 0.043750000000000004 0.084445
2 0.3774999999999998 0.7133349999999999 0.10749999999999998 0.124445
2 0.22124999999999978 0.8766649999999998 0.0625 0.13110999999999998
2 0.09437499999999988 0.9633350000000002 0.05125 0.073335
