1 0.291750 0.406222 0.012250 0.022667
1 0.229000 0.485778 0.008500 0.024000
3 0.477250 0.453333 0.011250 0.047556
3 0.523000 0.796889 0.013250 0.047556
3 0.428500 0.742222 0.011000 0.046222
3 0.705750 0.742222 0.011750 0.046222
3 0.584500 0.724000 0.012000 0.047111
3 0.584500 0.652444 0.012250 0.046667
3 0.557500 0.517778 0.025750 0.020889
3 0.585000 0.519556 0.018500 0.041333
3 0.617750 0.513333 0.007750 0.036000
3 0.664750 0.516889 0.024250 0.028889
3 0.810750 0.480000 0.024000 0.032444
3 0.810250 0.579111 0.012750 0.047111
3 0.830500 0.072000 0.012250 0.046222
3 0.868250 0.174667 0.011000 0.044000
3 0.964500 0.065778 0.018500 0.013778