2 0.417500 0.611111 0.019500 0.027111
2 0.361500 0.498222 0.022750 0.032444
2 0.349750 0.442667 0.045750 0.080444
2 0.319750 0.509333 0.028250 0.046667
2 0.178500 0.808444 0.025750 0.037778
2 0.557750 0.474667 0.025500 0.047111
2 0.580500 0.444000 0.020750 0.031556
2 0.562500 0.429778 0.019750 0.030222
3 0.592750 0.351556 0.015250 0.047556
1 0.817750 0.325778 0.009750 0.020444
2 0.799250 0.327111 0.026750 0.025778
2 0.807250 0.316000 0.023750 0.033333
2 0.809000 0.347111 0.032750 0.020444
2 0.783000 0.366222 0.023250 0.086667
2 0.639750 0.800444 0.023250 0.053333
2 0.540750 0.687556 0.053750 0.115556
2 0.217750 0.390667 0.030750 0.043111