2 0.353750 0.576000 0.008750 0.011111
1 0.514500 0.340889 0.008750 0.011111
1 0.519500 0.331556 0.011250 0.012444
1 0.537500 0.465778 0.010250 0.015556
1 0.500500 0.399556 0.006000 0.015556
1 0.457000 0.422222 0.004750 0.012444
3 0.471500 0.456889 0.010250 0.020000
2 0.412500 0.520444 0.011750 0.013778
2 0.438250 0.544000 0.015750 0.019111
2 0.495000 0.537778 0.009000 0.017333
2 0.475500 0.542667 0.021750 0.025333
2 0.444250 0.575556 0.012750 0.026667
2 0.419000 0.595556 0.010500 0.020889
2 0.392000 0.599111 0.012000 0.017778