2 0.868250 0.743111 0.031500 0.060444
2 0.855000 0.732000 0.011500 0.020889
3 0.952250 0.916444 0.010000 0.032000
3 0.887250 0.747556 0.015250 0.033778
2 0.947500 0.768000 0.031750 0.053778
2 0.862750 0.695556 0.011750 0.018667
2 0.875750 0.784444 0.026500 0.040444
2 0.915250 0.941778 0.015500 0.022667
2 0.774500 0.873333 0.017750 0.037778
2 0.724500 0.735111 0.029250 0.065778
2 0.738750 0.816889 0.017500 0.041333
3 0.803000 0.757778 0.012250 0.035111
2 0.706500 0.688444 0.014250 0.024000
1 0.694500 0.684000 0.014750 0.027111
2 0.601250 0.612000 0.004250 0.013778
2 0.683750 0.623556 0.008250 0.024000
3 0.576750 0.536000 0.009250 0.049333
3 0.664500 0.502222 0.016500 0.040000
2 0.777250 0.569778 0.014250 0.024889
2 0.620500 0.478222 0.033750 0.068889
3 0.752750 0.420889 0.022750 0.035556
2 0.797500 0.157333 0.012000 0.021333
2 0.766750 0.170667 0.021000 0.047111
2 0.672250 0.280889 0.012750 0.023556
2 0.684500 0.221333 0.023500 0.042667
3 0.780500 0.210222 0.025750 0.040000
3 0.712500 0.126222 0.016000 0.041333
3 0.681750 0.130667 0.014750 0.043556
2 0.731750 0.040889 0.015000 0.025333
2 0.628000 0.068889 0.026750 0.036000