1 0.776500 0.729333 0.020750 0.019111
2 0.306250 0.610667 0.034500 0.049333
2 0.312750 0.657333 0.025000 0.052000
2 0.292500 0.660000 0.023250 0.048889
3 0.559750 0.719556 0.021000 0.027111
1 0.568500 0.722222 0.019000 0.033778
1 0.578250 0.735556 0.011250 0.027556
1 0.561500 0.702667 0.022500 0.016444
2 0.278500 0.610667 0.020750 0.049778
2 0.335000 0.643556 0.021000 0.032889
2 0.305500 0.570222 0.015500 0.035556
3 0.297750 0.360444 0.026250 0.016889
1 0.328500 0.325333 0.013000 0.035556
1 0.301750 0.338222 0.016500 0.023556
2 0.282750 0.339556 0.036500 0.034667