2 0.494500 0.308000 0.010250 0.017778
2 0.521500 0.320000 0.019750 0.029333
2 0.104000 0.706222 0.007250 0.004889
2 0.133250 0.110667 0.012000 0.021778
2 0.141250 0.057333 0.023250 0.038667
2 0.242250 0.004889 0.012500 0.008889
2 0.216500 0.017333 0.017750 0.032000
3 0.228250 0.047556 0.024500 0.032889
3 0.204000 0.229778 0.019250 0.030222
2 0.347250 0.302222 0.011000 0.021778
3 0.280000 0.383556 0.022000 0.035111
3 0.250000 0.520889 0.011750 0.029333
2 0.227500 0.358222 0.013500 0.021778
1 0.151250 0.463111 0.015500 0.022667
2 0.202500 0.382222 0.023500 0.042667
3 0.125000 0.302222 0.015500 0.036444
2 0.113000 0.388889 0.012750 0.019111
2 0.091750 0.402222 0.005500 0.013333
1 0.256250 0.770667 0.012750 0.025333
2 0.303750 0.464889 0.009750 0.015556
2 0.297500 0.498222 0.013000 0.017333
3 0.325750 0.509778 0.016750 0.030222
3 0.378500 0.646667 0.007750 0.034667
2 0.382250 0.523556 0.027000 0.045778
2 0.553000 0.461778 0.009000 0.015111
2 0.555250 0.485333 0.012250 0.019556
2 0.563000 0.548444 0.013250 0.010667
2 0.554750 0.554667 0.006250 0.010667
2 0.552000 0.553333 0.004000 0.022667