0 0.505750 0.081778 0.013500 0.015111
2 0.563250 0.453778 0.007500 0.012444
2 0.568250 0.448889 0.006250 0.008000
0 0.733000 0.562667 0.030250 0.055111
2 0.552000 0.528000 0.014750 0.028000
2 0.657500 0.465333 0.010750 0.015111
2 0.707750 0.750222 0.007250 0.015111
0 0.505750 0.081778 0.013500 0.015111
2 0.563250 0.453778 0.007500 0.012444
2 0.568250 0.448889 0.006250 0.008000
0 0.733000 0.562667 0.030250 0.055111
2 0.552000 0.528000 0.014750 0.028000
2 0.657500 0.465333 0.010750 0.015111
2 0.707750 0.750222 0.007250 0.015111
