2 0.730250 0.435111 0.013000 0.020444
3 0.653000 0.500889 0.015250 0.053778
2 0.662750 0.523556 0.018000 0.041333
2 0.666000 0.465333 0.007750 0.020000
3 0.741250 0.553333 0.019500 0.037333
3 0.780500 0.788667 0.030250 0.022667
3 0.780500 0.801111 0.030250 0.002223
1 0.685500 0.669333 0.009000 0.029778
3 0.702500 0.644444 0.026250 0.027111
1 0.706750 0.636000 0.018000 0.020000
1 0.699750 0.620000 0.017500 0.018222
3 0.664750 0.647556 0.008500 0.040000
2 0.713500 0.685333 0.022500 0.040444
2 0.469250 0.510667 0.019750 0.034222
3 0.481750 0.505333 0.010000 0.044444
3 0.469750 0.480444 0.015250 0.041778
3 0.499500 0.466222 0.020500 0.031556
3 0.475000 0.454222 0.010250 0.034667
2 0.730250 0.435111 0.013000 0.020444
3 0.653000 0.500889 0.015250 0.053778
2 0.662750 0.523556 0.018000 0.041333
2 0.666000 0.465333 0.007750 0.020000
3 0.741250 0.553333 0.019500 0.037333
3 0.780500 0.788667 0.030250 0.022667
3 0.780500 0.801111 0.030250 0.002223
1 0.685500 0.669333 0.009000 0.029778
3 0.702500 0.644444 0.026250 0.027111
1 0.706750 0.636000 0.018000 0.020000
1 0.699750 0.620000 0.017500 0.018222
3 0.664750 0.647556 0.008500 0.040000
2 0.713500 0.685333 0.022500 0.040444
2 0.469250 0.510667 0.019750 0.034222
3 0.481750 0.505333 0.010000 0.044444
3 0.469750 0.480444 0.015250 0.041778
3 0.499500 0.466222 0.020500 0.031556
3 0.475000 0.454222 0.010250 0.034667
