2 0.235250 0.703556 0.021500 0.033778
2 0.025250 0.480889 0.035250 0.042222
2 0.634000 0.390667 0.015250 0.018667
2 0.634000 0.404444 0.015250 0.008889
2 0.632500 0.429333 0.022250 0.025333
2 0.612750 0.449778 0.024750 0.091111
2 0.354250 0.757556 0.052750 0.084889
2 0.354250 0.820222 0.052750 0.040444
2 0.461750 0.892889 0.026000 0.056889
2 0.421500 0.436000 0.019750 0.046667
2 0.389313 0.517333 0.021375 0.035111
2 0.400188 0.517333 0.000375 0.035111
2 0.398188 0.528444 0.003625 0.029333
2 0.409562 0.528444 0.019125 0.029333
2 0.385000 0.562222 0.030000 0.050222
2 0.400000 0.562222 0.000000 0.050222
