1 0.396062 0.096000 0.007875 0.044444
1 0.404438 0.096000 0.008875 0.044444
1 0.475000 0.262667 0.018250 0.026222
1 0.447750 0.365778 0.023000 0.033333
3 0.570000 0.236889 0.011750 0.041333
3 0.389062 0.562667 0.021875 0.034222
3 0.404687 0.562667 0.009375 0.034222
1 0.553000 0.537333 0.019000 0.030222
1 0.461500 0.172444 0.020250 0.028444
1 0.398188 0.133778 0.003625 0.029778
1 0.405313 0.133778 0.010625 0.029778
1 0.396062 0.096000 0.007875 0.044444
1 0.404438 0.096000 0.008875 0.044444
1 0.475000 0.262667 0.018250 0.026222
1 0.447750 0.365778 0.023000 0.033333
3 0.570000 0.236889 0.011750 0.041333
3 0.389062 0.562667 0.021875 0.034222
3 0.404687 0.562667 0.009375 0.034222
1 0.553000 0.537333 0.019000 0.030222
1 0.461500 0.172444 0.020250 0.028444
1 0.398188 0.133778 0.003625 0.029778
1 0.405313 0.133778 0.010625 0.029778
