3 0.289500 0.358667 0.019500 0.022222
1 0.577000 0.338667 0.018750 0.030667
1 0.544250 0.043111 0.021500 0.024889
1 0.536500 0.060889 0.015250 0.022667
1 0.500500 0.186778 0.011000 0.026445
1 0.500500 0.203444 0.011000 0.006888
3 0.434750 0.310222 0.017500 0.046667
1 0.404250 0.231556 0.008000 0.026222
2 0.344250 0.112889 0.010500 0.016889
2 0.062250 0.794666 0.060250 0.010667
2 0.062250 0.833778 0.060250 0.067555
1 0.432250 0.416444 0.011500 0.026667
2 0.478500 0.484889 0.022500 0.039111
2 0.449750 0.506667 0.020500 0.036444
2 0.429750 0.500444 0.019750 0.040000
2 0.373250 0.569333 0.024250 0.046222
2 0.357750 0.496444 0.033750 0.039111
2 0.315250 0.592222 0.023500 0.015556
2 0.315250 0.612667 0.023500 0.025333
2 0.299750 0.449333 0.022250 0.031556
2 0.255750 0.595778 0.030250 0.008445
2 0.255750 0.613556 0.030250 0.027111
2 0.175750 0.552444 0.017250 0.026667
