2 0.886500 0.598889 0.016500 0.002222
2 0.886500 0.613111 0.016500 0.026222
2 0.962000 0.648444 0.022500 0.036444
1 0.915750 0.640889 0.016250 0.027556
1 0.984250 0.504000 0.019750 0.015556
1 0.992687 0.217778 0.014625 0.018667
3 0.969250 0.260000 0.025500 0.021333
3 0.921500 0.258222 0.022000 0.017333
2 0.902000 0.237778 0.013750 0.022222
2 0.870500 0.277778 0.008500 0.021333
3 0.795188 0.532889 0.009625 0.036000
3 0.800813 0.532889 0.001625 0.036000
3 0.807750 0.383667 0.008000 0.032667
3 0.807750 0.403444 0.008000 0.006889
3 0.671250 0.025778 0.011250 0.051111
2 0.622750 0.302667 0.017250 0.042222
2 0.552000 0.109778 0.025500 0.040889
2 0.388000 0.005333 0.009000 0.009778
3 0.519500 0.324444 0.021500 0.034222
2 0.443250 0.282667 0.020500 0.031556
3 0.387500 0.354222 0.019250 0.016889
2 0.886500 0.598889 0.016500 0.002222
2 0.886500 0.613111 0.016500 0.026222
2 0.962000 0.648444 0.022500 0.036444
1 0.915750 0.640889 0.016250 0.027556
1 0.984250 0.504000 0.019750 0.015556
1 0.992687 0.217778 0.014625 0.018667
3 0.969250 0.260000 0.025500 0.021333
3 0.921500 0.258222 0.022000 0.017333
2 0.902000 0.237778 0.013750 0.022222
2 0.870500 0.277778 0.008500 0.021333
3 0.795188 0.532889 0.009625 0.036000
3 0.800813 0.532889 0.001625 0.036000
3 0.807750 0.383667 0.008000 0.032667
3 0.807750 0.403444 0.008000 0.006889
3 0.671250 0.025778 0.011250 0.051111
2 0.622750 0.302667 0.017250 0.042222
2 0.552000 0.109778 0.025500 0.040889
2 0.388000 0.005333 0.009000 0.009778
3 0.519500 0.324444 0.021500 0.034222
2 0.443250 0.282667 0.020500 0.031556
3 0.387500 0.354222 0.019250 0.016889
