2 0.148000 0.314667 0.005500 0.012889
2 0.182750 0.628444 0.008000 0.006222
2 0.547500 0.166667 0.018250 0.035111
2 0.558000 0.134222 0.020000 0.028000
2 0.565000 0.154222 0.024500 0.038222
2 0.535250 0.168444 0.018500 0.040444
2 0.466250 0.172444 0.016000 0.039111
2 0.580000 0.222667 0.008750 0.017778
2 0.529250 0.263556 0.013000 0.020889
2 0.548000 0.254667 0.012500 0.017333
2 0.611500 0.241778 0.020750 0.027556
2 0.640750 0.479556 0.005750 0.012000
3 0.331250 0.440000 0.010750 0.029778
2 0.638750 0.478222 0.004750 0.024000
2 0.639500 0.384000 0.010250 0.014667
2 0.642750 0.398334 0.012750 0.003333
2 0.642750 0.409223 0.012750 0.018445
2 0.650000 0.473333 0.015000 0.011556
2 0.522000 0.458667 0.007250 0.015111
2 0.517750 0.468000 0.018000 0.028444
3 0.485750 0.457778 0.012000 0.047556
2 0.465000 0.447556 0.026750 0.046667
2 0.516750 0.341333 0.017750 0.038667
2 0.534250 0.500889 0.012000 0.021333
2 0.535000 0.672000 0.031750 0.055111
2 0.521750 0.701778 0.022000 0.033333
2 0.509000 0.686667 0.020250 0.035556
2 0.578750 0.688444 0.011750 0.013333
2 0.533250 0.731111 0.029250 0.060889
2 0.528750 0.543111 0.011250 0.019111
2 0.519250 0.636889 0.014750 0.028444
3 0.484500 0.572444 0.014250 0.036444
3 0.533000 0.596445 0.018500 0.007111
3 0.533000 0.618223 0.018500 0.036445
3 0.394125 0.588778 0.011750 0.022444
3 0.394125 0.606778 0.011750 0.013556
3 0.401625 0.588778 0.003250 0.022444
3 0.401625 0.606778 0.003250 0.013556
3 0.499750 0.714222 0.009500 0.031111
3 0.452250 0.635111 0.008250 0.044444
3 0.468000 0.762667 0.019000 0.016889
2 0.452250 0.836444 0.012500 0.024000
3 0.413750 0.794000 0.023500 0.012000
3 0.413750 0.805111 0.023500 0.010222
3 0.390625 0.813333 0.018750 0.016000
3 0.402625 0.813333 0.005250 0.016000
1 0.338000 0.695556 0.013000 0.025333
1 0.374000 0.776000 0.017250 0.012444
1 0.390750 0.956889 0.009250 0.028000
2 0.148000 0.314667 0.005500 0.012889
2 0.182750 0.628444 0.008000 0.006222
2 0.547500 0.166667 0.018250 0.035111
2 0.558000 0.134222 0.020000 0.028000
2 0.565000 0.154222 0.024500 0.038222
2 0.535250 0.168444 0.018500 0.040444
2 0.466250 0.172444 0.016000 0.039111
2 0.580000 0.222667 0.008750 0.017778
2 0.529250 0.263556 0.013000 0.020889
2 0.548000 0.254667 0.012500 0.017333
2 0.611500 0.241778 0.020750 0.027556
2 0.640750 0.479556 0.005750 0.012000
3 0.331250 0.440000 0.010750 0.029778
2 0.638750 0.478222 0.004750 0.024000
2 0.639500 0.384000 0.010250 0.014667
2 0.642750 0.398334 0.012750 0.003333
2 0.642750 0.409223 0.012750 0.018445
2 0.650000 0.473333 0.015000 0.011556
2 0.522000 0.458667 0.007250 0.015111
2 0.517750 0.468000 0.018000 0.028444
3 0.485750 0.457778 0.012000 0.047556
2 0.465000 0.447556 0.026750 0.046667
2 0.516750 0.341333 0.017750 0.038667
2 0.534250 0.500889 0.012000 0.021333
2 0.535000 0.672000 0.031750 0.055111
2 0.521750 0.701778 0.022000 0.033333
2 0.509000 0.686667 0.020250 0.035556
2 0.578750 0.688444 0.011750 0.013333
2 0.533250 0.731111 0.029250 0.060889
2 0.528750 0.543111 0.011250 0.019111
2 0.519250 0.636889 0.014750 0.028444
3 0.484500 0.572444 0.014250 0.036444
3 0.533000 0.596445 0.018500 0.007111
3 0.533000 0.618223 0.018500 0.036445
3 0.394125 0.588778 0.011750 0.022444
3 0.394125 0.606778 0.011750 0.013556
3 0.401625 0.588778 0.003250 0.022444
3 0.401625 0.606778 0.003250 0.013556
3 0.499750 0.714222 0.009500 0.031111
3 0.452250 0.635111 0.008250 0.044444
3 0.468000 0.762667 0.019000 0.016889
2 0.452250 0.836444 0.012500 0.024000
3 0.413750 0.794000 0.023500 0.012000
3 0.413750 0.805111 0.023500 0.010222
3 0.390625 0.813333 0.018750 0.016000
3 0.402625 0.813333 0.005250 0.016000
1 0.338000 0.695556 0.013000 0.025333
1 0.374000 0.776000 0.017250 0.012444
1 0.390750 0.956889 0.009250 0.028000
