1 0.650500 0.609778 0.009500 0.009333
1 0.405000 0.418667 0.006500 0.010222
2 0.393813 0.423111 0.012375 0.017778
2 0.401687 0.423111 0.003375 0.017778
1 0.418500 0.413778 0.006250 0.016889
2 0.410750 0.556889 0.016250 0.023556
2 0.413500 0.580000 0.011750 0.027111
2 0.396313 0.558222 0.007375 0.022667
2 0.401687 0.558222 0.003375 0.022667
2 0.399250 0.582222 0.001500 0.024889
2 0.403250 0.582222 0.006500 0.024889
2 0.408500 0.537778 0.008750 0.018667
2 0.424250 0.575111 0.009750 0.018667
3 0.538750 0.608000 0.009750 0.012000
1 0.539500 0.597667 0.011750 0.004667
1 0.539500 0.601445 0.011750 0.002889
1 0.543000 0.609333 0.008750 0.015556
1 0.548250 0.616444 0.004500 0.014222
1 0.650500 0.609778 0.009500 0.009333
1 0.405000 0.418667 0.006500 0.010222
2 0.393813 0.423111 0.012375 0.017778
2 0.401687 0.423111 0.003375 0.017778
1 0.418500 0.413778 0.006250 0.016889
2 0.410750 0.556889 0.016250 0.023556
2 0.413500 0.580000 0.011750 0.027111
2 0.396313 0.558222 0.007375 0.022667
2 0.401687 0.558222 0.003375 0.022667
2 0.399250 0.582222 0.001500 0.024889
2 0.403250 0.582222 0.006500 0.024889
2 0.408500 0.537778 0.008750 0.018667
2 0.424250 0.575111 0.009750 0.018667
3 0.538750 0.608000 0.009750 0.012000
1 0.539500 0.597667 0.011750 0.004667
1 0.539500 0.601445 0.011750 0.002889
1 0.543000 0.609333 0.008750 0.015556
1 0.548250 0.616444 0.004500 0.014222
