2 0.505250 0.189778 0.019500 0.020445
2 0.505250 0.206222 0.019500 0.012444
2 0.530750 0.193889 0.021750 0.012222
2 0.530750 0.207889 0.021750 0.015778
2 0.622500 0.009333 0.021250 0.018222
2 0.626000 0.081778 0.025000 0.085333
2 0.622250 0.101333 0.018500 0.052444
2 0.655250 0.069778 0.022500 0.040444
3 0.750000 0.224000 0.033250 0.027111
1 0.769500 0.086667 0.022500 0.030667
3 0.766250 0.116000 0.030500 0.040889
2 0.785750 0.372444 0.019500 0.024889
2 0.112250 0.537333 0.025750 0.040889
2 0.428000 0.144444 0.021000 0.037778
2 0.334500 0.129333 0.048500 0.094222
2 0.159000 0.112444 0.029250 0.043556
2 0.276750 0.945778 0.023500 0.039556
2 0.118750 0.744444 0.016500 0.064889
2 0.500750 0.617333 0.015750 0.031556
2 0.679750 0.505778 0.020000 0.044444
2 0.662250 0.301778 0.031750 0.047556
2 0.617500 0.315111 0.032000 0.028889
2 0.483500 0.387000 0.058500 0.026001
2 0.483500 0.445444 0.058500 0.090888
