2 0.395000 0.695111 0.007250 0.013333
2 0.956750 0.919556 0.018750 0.038667
2 0.923250 0.770222 0.018500 0.032444
2 0.484750 0.468889 0.012750 0.021333
2 0.471250 0.471556 0.012500 0.019111
2 0.465500 0.448889 0.015500 0.021778
2 0.453500 0.456444 0.014750 0.017333
2 0.476250 0.496444 0.021750 0.040000
2 0.454750 0.482222 0.020500 0.040889
2 0.440000 0.394000 0.014500 0.012000
2 0.440000 0.406889 0.014500 0.013778
2 0.166500 0.378222 0.045250 0.043556
2 0.166500 0.414667 0.045250 0.029333
2 0.395000 0.695111 0.007250 0.013333
2 0.956750 0.919556 0.018750 0.038667
2 0.923250 0.770222 0.018500 0.032444
2 0.484750 0.468889 0.012750 0.021333
2 0.471250 0.471556 0.012500 0.019111
2 0.465500 0.448889 0.015500 0.021778
2 0.453500 0.456444 0.014750 0.017333
2 0.476250 0.496444 0.021750 0.040000
2 0.454750 0.482222 0.020500 0.040889
2 0.440000 0.394000 0.014500 0.012000
2 0.440000 0.406889 0.014500 0.013778
2 0.166500 0.378222 0.045250 0.043556
2 0.166500 0.414667 0.045250 0.029333
