2 0.301000 0.782889 0.026250 0.034223
2 0.301000 0.800222 0.026250 0.000444
2 0.510750 0.624000 0.023250 0.031556
2 0.713250 0.599667 0.035250 0.000667
2 0.713250 0.620333 0.035250 0.040666
2 0.612750 0.786111 0.022500 0.027778
2 0.612750 0.802333 0.022500 0.004666
2 0.638750 0.808444 0.008250 0.012000
2 0.989000 0.059111 0.012250 0.030222
2 0.975250 0.059111 0.021000 0.048000
2 0.712250 0.003556 0.006000 0.006667
2 0.696250 0.007111 0.010750 0.013778
2 0.632250 0.288444 0.024500 0.042222
2 0.592812 0.304444 0.014375 0.030667
2 0.606938 0.304444 0.013875 0.030667
2 0.429500 0.179111 0.024750 0.041778
2 0.429500 0.202222 0.024750 0.004444
2 0.301000 0.782889 0.026250 0.034223
2 0.301000 0.800222 0.026250 0.000444
2 0.510750 0.624000 0.023250 0.031556
2 0.713250 0.599667 0.035250 0.000667
2 0.713250 0.620333 0.035250 0.040666
2 0.612750 0.786111 0.022500 0.027778
2 0.612750 0.802333 0.022500 0.004666
2 0.638750 0.808444 0.008250 0.012000
2 0.989000 0.059111 0.012250 0.030222
2 0.975250 0.059111 0.021000 0.048000
2 0.712250 0.003556 0.006000 0.006667
2 0.696250 0.007111 0.010750 0.013778
2 0.632250 0.288444 0.024500 0.042222
2 0.592812 0.304444 0.014375 0.030667
2 0.606938 0.304444 0.013875 0.030667
2 0.429500 0.179111 0.024750 0.041778
2 0.429500 0.202222 0.024750 0.004444
