3 0.700000 0.677778 0.015500 0.023556
2 0.748250 0.578222 0.020250 0.029778
2 0.718000 0.584000 0.009500 0.015556
2 0.486250 0.335556 0.029000 0.052889
2 0.650250 0.248444 0.011000 0.022222
2 0.706500 0.297778 0.011500 0.022222
2 0.746500 0.636889 0.033000 0.049333
2 0.561000 0.444889 0.013500 0.024889
2 0.560500 0.537333 0.011000 0.013333
2 0.561750 0.552000 0.013500 0.020444
2 0.534250 0.523111 0.010500 0.022222
2 0.532000 0.542222 0.014250 0.014222
3 0.524000 0.566222 0.009250 0.022667
2 0.514500 0.577333 0.009250 0.020444
