2 0.720250 0.974667 0.022250 0.036444
1 0.672250 0.968000 0.017250 0.025333
1 0.745500 0.824889 0.019250 0.016000
2 0.641750 0.936000 0.015750 0.035111
2 0.661250 0.547111 0.016250 0.025333
1 0.759250 0.527556 0.017750 0.023111
3 0.731750 0.572000 0.026750 0.023556
3 0.680250 0.571556 0.025250 0.019111
2 0.627000 0.589333 0.007750 0.021333
3 0.791750 0.784667 0.013500 0.030667
3 0.791750 0.808222 0.013500 0.016444
3 0.546750 0.853778 0.011750 0.036444
3 0.561250 0.701778 0.007500 0.040889
3 0.644250 0.092000 0.023000 0.039556
3 0.423000 0.324444 0.011750 0.057333
2 0.368750 0.595111 0.015500 0.009778
2 0.368750 0.616445 0.015500 0.032889
3 0.258000 0.634222 0.022250 0.035111
2 0.178000 0.587556 0.022000 0.024889
2 0.178000 0.602222 0.022000 0.004444
2 0.720250 0.974667 0.022250 0.036444
1 0.672250 0.968000 0.017250 0.025333
1 0.745500 0.824889 0.019250 0.016000
2 0.641750 0.936000 0.015750 0.035111
2 0.661250 0.547111 0.016250 0.025333
1 0.759250 0.527556 0.017750 0.023111
3 0.731750 0.572000 0.026750 0.023556
3 0.680250 0.571556 0.025250 0.019111
2 0.627000 0.589333 0.007750 0.021333
3 0.791750 0.784667 0.013500 0.030667
3 0.791750 0.808222 0.013500 0.016444
3 0.546750 0.853778 0.011750 0.036444
3 0.561250 0.701778 0.007500 0.040889
3 0.644250 0.092000 0.023000 0.039556
3 0.423000 0.324444 0.011750 0.057333
2 0.368750 0.595111 0.015500 0.009778
2 0.368750 0.616445 0.015500 0.032889
3 0.258000 0.634222 0.022250 0.035111
2 0.178000 0.587556 0.022000 0.024889
2 0.178000 0.602222 0.022000 0.004444
