3 0.916250 0.440000 0.021500 0.032889
2 0.738750 0.334667 0.012000 0.036000
2 0.599688 0.260000 0.000625 0.030222
2 0.608313 0.260000 0.016625 0.030222
2 0.460750 0.361778 0.022000 0.024444
2 0.587438 0.595556 0.025125 0.008889
2 0.587438 0.627111 0.025125 0.054222
2 0.607313 0.595556 0.014625 0.008889
2 0.607313 0.627111 0.014625 0.054222
3 0.916250 0.440000 0.021500 0.032889
2 0.738750 0.334667 0.012000 0.036000
2 0.599688 0.260000 0.000625 0.030222
2 0.608313 0.260000 0.016625 0.030222
2 0.460750 0.361778 0.022000 0.024444
2 0.587438 0.595556 0.025125 0.008889
2 0.587438 0.627111 0.025125 0.054222
2 0.607313 0.595556 0.014625 0.008889
2 0.607313 0.627111 0.014625 0.054222
