2 0.620750 0.649778 0.008000 0.012444
2 0.472250 0.672889 0.008000 0.029333
2 0.486250 0.395444 0.012000 0.009111
2 0.486250 0.405000 0.012000 0.009999
2 0.704750 0.487556 0.011750 0.019556
3 0.746250 0.452889 0.014500 0.015111
2 0.688000 0.391333 0.007000 0.017334
2 0.688000 0.402000 0.007000 0.003999
2 0.689000 0.350667 0.009000 0.013333
3 0.689500 0.384333 0.013750 0.031333
3 0.689500 0.402334 0.013750 0.004667
3 0.753750 0.395889 0.013500 0.008222
3 0.753750 0.405889 0.013500 0.011778
1 0.755500 0.389333 0.010750 0.014667
2 0.703000 0.381333 0.011000 0.017333
2 0.577000 0.345778 0.007500 0.027111
2 0.560500 0.393667 0.026000 0.012667
2 0.560500 0.416555 0.026000 0.033111
2 0.597938 0.415111 0.004125 0.016889
2 0.602813 0.415111 0.005625 0.016889
2 0.645250 0.439556 0.010250 0.015111
2 0.625500 0.544889 0.027000 0.051111
2 0.685750 0.493778 0.014500 0.014222
2 0.760750 0.523556 0.009000 0.012444
2 0.634250 0.627556 0.008000 0.014667
2 0.712750 0.581333 0.008000 0.020444
2 0.319750 0.798222 0.029500 0.003556
2 0.319750 0.820000 0.029500 0.040000
2 0.480500 0.882222 0.014750 0.012889
2 0.430000 0.859556 0.015000 0.028889
