3 0.375500 0.841333 0.033000 0.025333
1 0.710000 0.388333 0.011500 0.023333
1 0.710000 0.404556 0.011500 0.009111
3 0.640750 0.165778 0.021750 0.030667
3 0.448000 0.398000 0.025000 0.004000
3 0.448000 0.408667 0.025000 0.017333
2 0.385500 0.363111 0.015500 0.022667
2 0.241750 0.567111 0.023500 0.032889
3 0.243250 0.532889 0.015250 0.051111
2 0.257750 0.502667 0.008750 0.021333
2 0.295750 0.720444 0.023750 0.037333
1 0.211500 0.595222 0.010250 0.009555
1 0.211500 0.611445 0.010250 0.022889
1 0.213250 0.535111 0.017250 0.022667
3 0.078500 0.497778 0.025000 0.036889
