2 0.822000 0.253333 0.008000 0.017333
2 0.849500 0.266222 0.021000 0.028889
2 0.885250 0.502667 0.007500 0.012000
2 0.880500 0.409778 0.010250 0.019111
2 0.885750 0.432444 0.014250 0.024444
2 0.881500 0.501333 0.003250 0.024444
2 0.893000 0.496889 0.012750 0.010222
2 0.635750 0.418222 0.009500 0.017333
3 0.658250 0.461333 0.015500 0.028889
3 0.583750 0.474667 0.010500 0.029333
3 0.611750 0.336000 0.022000 0.036889
1 0.486750 0.419556 0.015000 0.022222
2 0.534500 0.336889 0.023750 0.042222
2 0.427750 0.359111 0.006500 0.012444
2 0.448500 0.344889 0.011750 0.020444
2 0.714000 0.474667 0.028000 0.044444
2 0.630000 0.450667 0.013000 0.016889
2 0.559250 0.312444 0.011750 0.022667
2 0.677000 0.252000 0.010500 0.019111
2 0.777750 0.012000 0.006000 0.011111
3 0.558750 0.007111 0.020750 0.013778
3 0.459250 0.257778 0.013500 0.036444
3 0.535750 0.183111 0.018750 0.028000
2 0.463250 0.065778 0.010250 0.021778
2 0.472250 0.015556 0.021750 0.030222
3 0.304750 0.013778 0.026250 0.026667
2 0.228500 0.523556 0.042000 0.076889
2 0.443250 0.660000 0.007500 0.007556
3 0.712500 0.591445 0.008750 0.017111
3 0.712500 0.607667 0.008750 0.015333
1 0.593625 0.724889 0.012750 0.026667
1 0.600125 0.724889 0.000250 0.026667
1 0.649750 0.978222 0.008750 0.028000
2 0.822000 0.253333 0.008000 0.017333
2 0.849500 0.266222 0.021000 0.028889
2 0.885250 0.502667 0.007500 0.012000
2 0.880500 0.409778 0.010250 0.019111
2 0.885750 0.432444 0.014250 0.024444
2 0.881500 0.501333 0.003250 0.024444
2 0.893000 0.496889 0.012750 0.010222
2 0.635750 0.418222 0.009500 0.017333
3 0.658250 0.461333 0.015500 0.028889
3 0.583750 0.474667 0.010500 0.029333
3 0.611750 0.336000 0.022000 0.036889
1 0.486750 0.419556 0.015000 0.022222
2 0.534500 0.336889 0.023750 0.042222
2 0.427750 0.359111 0.006500 0.012444
2 0.448500 0.344889 0.011750 0.020444
2 0.714000 0.474667 0.028000 0.044444
2 0.630000 0.450667 0.013000 0.016889
2 0.559250 0.312444 0.011750 0.022667
2 0.677000 0.252000 0.010500 0.019111
2 0.777750 0.012000 0.006000 0.011111
3 0.558750 0.007111 0.020750 0.013778
3 0.459250 0.257778 0.013500 0.036444
3 0.535750 0.183111 0.018750 0.028000
2 0.463250 0.065778 0.010250 0.021778
2 0.472250 0.015556 0.021750 0.030222
3 0.304750 0.013778 0.026250 0.026667
2 0.228500 0.523556 0.042000 0.076889
2 0.443250 0.660000 0.007500 0.007556
3 0.712500 0.591445 0.008750 0.017111
3 0.712500 0.607667 0.008750 0.015333
1 0.593625 0.724889 0.012750 0.026667
1 0.600125 0.724889 0.000250 0.026667
1 0.649750 0.978222 0.008750 0.028000
