2 0.420750 0.288000 0.010000 0.014222
2 0.375250 0.590889 0.014750 0.018222
2 0.375250 0.606889 0.014750 0.013778
2 0.370000 0.481778 0.015000 0.024444
2 0.334250 0.391333 0.014750 0.017334
2 0.334250 0.406000 0.014750 0.011999
2 0.363250 0.394000 0.016500 0.012000
2 0.363250 0.404667 0.016500 0.009333
1 0.454500 0.487111 0.009250 0.018222
1 0.540000 0.293333 0.008250 0.012444
1 0.546750 0.283556 0.014000 0.019556
1 0.510500 0.364000 0.006000 0.020889
1 0.427000 0.454667 0.009750 0.020000
1 0.448500 0.371111 0.005750 0.018667
3 0.463500 0.424889 0.009000 0.032000
2 0.415500 0.507111 0.018000 0.028444
2 0.455250 0.540889 0.015250 0.020889
2 0.478750 0.519111 0.012500 0.024000
2 0.544500 0.429333 0.010750 0.022667
2 0.420750 0.288000 0.010000 0.014222
2 0.375250 0.590889 0.014750 0.018222
2 0.375250 0.606889 0.014750 0.013778
2 0.370000 0.481778 0.015000 0.024444
2 0.334250 0.391333 0.014750 0.017334
2 0.334250 0.406000 0.014750 0.011999
2 0.363250 0.394000 0.016500 0.012000
2 0.363250 0.404667 0.016500 0.009333
1 0.454500 0.487111 0.009250 0.018222
1 0.540000 0.293333 0.008250 0.012444
1 0.546750 0.283556 0.014000 0.019556
1 0.510500 0.364000 0.006000 0.020889
1 0.427000 0.454667 0.009750 0.020000
1 0.448500 0.371111 0.005750 0.018667
3 0.463500 0.424889 0.009000 0.032000
2 0.415500 0.507111 0.018000 0.028444
2 0.455250 0.540889 0.015250 0.020889
2 0.478750 0.519111 0.012500 0.024000
2 0.544500 0.429333 0.010750 0.022667
