2 0.590688 0.520000 0.018625 0.024000
2 0.602313 0.520000 0.004625 0.024000
2 0.510250 0.390555 0.013750 0.018889
2 0.510250 0.402334 0.013750 0.004667
1 0.496000 0.529333 0.021750 0.019556
2 0.437500 0.561667 0.049500 0.076667
2 0.437500 0.606777 0.049500 0.013555
3 0.355500 0.641333 0.027250 0.040444
2 0.165000 0.794444 0.033000 0.011112
2 0.165000 0.810889 0.033000 0.021778
2 0.007750 0.470667 0.015000 0.034667
3 0.025250 0.450222 0.025750 0.040000
2 0.041250 0.396111 0.030750 0.007778
2 0.041250 0.409222 0.030750 0.018444
2 0.102250 0.391222 0.018500 0.017556
2 0.102250 0.402111 0.018500 0.004222
2 0.103750 0.422667 0.029750 0.039556
2 0.043000 0.369333 0.023250 0.042222
2 0.108250 0.227556 0.029500 0.040000
2 0.059750 0.186111 0.023750 0.027778
2 0.059750 0.209445 0.023750 0.018890
2 0.659500 0.285778 0.018500 0.031111
2 0.564250 0.677778 0.060500 0.066222
2 0.614000 0.696444 0.020750 0.037333
2 0.636750 0.646667 0.024250 0.085778
2 0.696250 0.648889 0.018000 0.038222
2 0.671500 0.916889 0.023250 0.045778
2 0.666000 0.882667 0.014000 0.033333
2 0.713000 0.841333 0.013250 0.035556
2 0.590688 0.520000 0.018625 0.024000
2 0.602313 0.520000 0.004625 0.024000
2 0.510250 0.390555 0.013750 0.018889
2 0.510250 0.402334 0.013750 0.004667
1 0.496000 0.529333 0.021750 0.019556
2 0.437500 0.561667 0.049500 0.076667
2 0.437500 0.606777 0.049500 0.013555
3 0.355500 0.641333 0.027250 0.040444
2 0.165000 0.794444 0.033000 0.011112
2 0.165000 0.810889 0.033000 0.021778
2 0.007750 0.470667 0.015000 0.034667
3 0.025250 0.450222 0.025750 0.040000
2 0.041250 0.396111 0.030750 0.007778
2 0.041250 0.409222 0.030750 0.018444
2 0.102250 0.391222 0.018500 0.017556
2 0.102250 0.402111 0.018500 0.004222
2 0.103750 0.422667 0.029750 0.039556
2 0.043000 0.369333 0.023250 0.042222
2 0.108250 0.227556 0.029500 0.040000
2 0.059750 0.186111 0.023750 0.027778
2 0.059750 0.209445 0.023750 0.018890
2 0.659500 0.285778 0.018500 0.031111
2 0.564250 0.677778 0.060500 0.066222
2 0.614000 0.696444 0.020750 0.037333
2 0.636750 0.646667 0.024250 0.085778
2 0.696250 0.648889 0.018000 0.038222
2 0.671500 0.916889 0.023250 0.045778
2 0.666000 0.882667 0.014000 0.033333
2 0.713000 0.841333 0.013250 0.035556
