2 0.573750 0.529333 0.010500 0.015556
2 0.592125 0.579556 0.015750 0.040889
2 0.592125 0.604445 0.015750 0.008889
2 0.607125 0.579556 0.014250 0.040889
2 0.607125 0.604445 0.014250 0.008889
1 0.631500 0.562667 0.012750 0.010222
3 0.553250 0.622222 0.015000 0.024889
2 0.450500 0.708889 0.016500 0.017778
2 0.413250 0.481778 0.010250 0.013333
2 0.415750 0.498222 0.013500 0.022667
2 0.364000 0.523556 0.009750 0.019556
3 0.375000 0.512444 0.012000 0.023111
2 0.382750 0.487111 0.015250 0.014667
2 0.385250 0.468889 0.011000 0.024444
2 0.415250 0.388555 0.015750 0.022889
2 0.415250 0.400334 0.015750 0.000667
2 0.388000 0.368889 0.013500 0.026222
2 0.338250 0.275556 0.030000 0.051111
2 0.573750 0.529333 0.010500 0.015556
2 0.592125 0.579556 0.015750 0.040889
2 0.592125 0.604445 0.015750 0.008889
2 0.607125 0.579556 0.014250 0.040889
2 0.607125 0.604445 0.014250 0.008889
1 0.631500 0.562667 0.012750 0.010222
3 0.553250 0.622222 0.015000 0.024889
2 0.450500 0.708889 0.016500 0.017778
2 0.413250 0.481778 0.010250 0.013333
2 0.415750 0.498222 0.013500 0.022667
2 0.364000 0.523556 0.009750 0.019556
3 0.375000 0.512444 0.012000 0.023111
2 0.382750 0.487111 0.015250 0.014667
2 0.385250 0.468889 0.011000 0.024444
2 0.415250 0.388555 0.015750 0.022889
2 0.415250 0.400334 0.015750 0.000667
2 0.388000 0.368889 0.013500 0.026222
2 0.338250 0.275556 0.030000 0.051111
