2 0.341000 0.678667 0.017500 0.033778
2 0.616750 0.789334 0.018750 0.021333
2 0.616750 0.805334 0.018750 0.010667
1 0.168500 0.327111 0.019750 0.020000
2 0.120500 0.300444 0.017500 0.032444
2 0.065750 0.274222 0.019750 0.024000
2 0.104750 0.362333 0.043500 0.075333
2 0.104750 0.404778 0.043500 0.009555
3 0.424250 0.930222 0.027750 0.040000
2 0.514250 0.849333 0.039000 0.060000
2 0.593688 0.850667 0.012625 0.044000
2 0.604812 0.850667 0.009625 0.044000
2 0.515000 0.768444 0.018750 0.037333
2 0.341000 0.678667 0.017500 0.033778
2 0.616750 0.789334 0.018750 0.021333
2 0.616750 0.805334 0.018750 0.010667
1 0.168500 0.327111 0.019750 0.020000
2 0.120500 0.300444 0.017500 0.032444
2 0.065750 0.274222 0.019750 0.024000
2 0.104750 0.362333 0.043500 0.075333
2 0.104750 0.404778 0.043500 0.009555
3 0.424250 0.930222 0.027750 0.040000
2 0.514250 0.849333 0.039000 0.060000
2 0.593688 0.850667 0.012625 0.044000
2 0.604812 0.850667 0.009625 0.044000
2 0.515000 0.768444 0.018750 0.037333
