2 0.516000 0.591000 0.010750 0.018000
2 0.516000 0.604556 0.010750 0.009111
2 0.520250 0.964000 0.016500 0.021333
2 0.492250 0.711111 0.014250 0.013778
2 0.498000 0.694667 0.008000 0.025333
2 0.521750 0.720889 0.010250 0.013333
2 0.522000 0.738222 0.013750 0.023111
3 0.481000 0.732000 0.013750 0.017778
2 0.469000 0.735111 0.009750 0.023111
2 0.486250 0.480444 0.034250 0.054667
2 0.516000 0.591000 0.010750 0.018000
2 0.516000 0.604556 0.010750 0.009111
2 0.520250 0.964000 0.016500 0.021333
2 0.492250 0.711111 0.014250 0.013778
2 0.498000 0.694667 0.008000 0.025333
2 0.521750 0.720889 0.010250 0.013333
2 0.522000 0.738222 0.013750 0.023111
3 0.481000 0.732000 0.013750 0.017778
2 0.469000 0.735111 0.009750 0.023111
2 0.486250 0.480444 0.034250 0.054667
