2 0.246250 0.826667 0.020750 0.035556
2 0.313000 0.890222 0.020250 0.028444
2 0.379500 0.017333 0.019750 0.033778
2 0.654500 0.379111 0.021250 0.041778
2 0.654500 0.403111 0.021250 0.006222
2 0.726500 0.080889 0.033000 0.028000
2 0.764500 0.232889 0.019750 0.025778
2 0.062750 0.658667 0.018250 0.066667
2 0.072250 0.586778 0.029500 0.026444
2 0.072250 0.607000 0.029500 0.014000
2 0.090500 0.006667 0.024250 0.012889
2 0.278500 0.024889 0.047750 0.049333
2 0.464750 0.064889 0.018500 0.033778
2 0.491750 0.070222 0.021500 0.031556
2 0.631500 0.168000 0.026250 0.048000
2 0.584313 0.182667 0.031375 0.031111
2 0.601188 0.182667 0.002375 0.031111
2 0.444750 0.314667 0.058750 0.128444
2 0.415500 0.526222 0.020750 0.017333
2 0.464500 0.505333 0.015000 0.031556
2 0.246250 0.826667 0.020750 0.035556
2 0.313000 0.890222 0.020250 0.028444
2 0.379500 0.017333 0.019750 0.033778
2 0.654500 0.379111 0.021250 0.041778
2 0.654500 0.403111 0.021250 0.006222
2 0.726500 0.080889 0.033000 0.028000
2 0.764500 0.232889 0.019750 0.025778
2 0.062750 0.658667 0.018250 0.066667
2 0.072250 0.586778 0.029500 0.026444
2 0.072250 0.607000 0.029500 0.014000
2 0.090500 0.006667 0.024250 0.012889
2 0.278500 0.024889 0.047750 0.049333
2 0.464750 0.064889 0.018500 0.033778
2 0.491750 0.070222 0.021500 0.031556
2 0.631500 0.168000 0.026250 0.048000
2 0.584313 0.182667 0.031375 0.031111
2 0.601188 0.182667 0.002375 0.031111
2 0.444750 0.314667 0.058750 0.128444
2 0.415500 0.526222 0.020750 0.017333
2 0.464500 0.505333 0.015000 0.031556
