2 0.337250 0.593333 0.015000 0.013334
2 0.337250 0.602667 0.015000 0.005333
2 0.366500 0.559111 0.014250 0.017778
2 0.347750 0.559556 0.021750 0.044889
2 0.385000 0.593445 0.010250 0.013111
2 0.385000 0.602556 0.010250 0.005111
2 0.391000 0.625333 0.010250 0.013333
3 0.428000 0.661333 0.010000 0.026222
2 0.330500 0.964444 0.021750 0.056444
2 0.317750 0.964889 0.013250 0.029778
2 0.395437 0.912889 0.009125 0.018222
2 0.400813 0.912889 0.001625 0.018222
2 0.494750 0.457333 0.010750 0.022667
2 0.313750 0.856889 0.012000 0.031556
2 0.291500 0.767111 0.011750 0.021333
2 0.397500 0.616444 0.005000 0.020444
2 0.402750 0.616444 0.005500 0.020444
2 0.281250 0.563111 0.014000 0.025778
2 0.393062 0.576889 0.013875 0.026667
2 0.400188 0.576889 0.000375 0.026667
1 0.412500 0.577333 0.009250 0.021333
2 0.492750 0.501778 0.022750 0.031556
2 0.540750 0.508444 0.014000 0.022222
2 0.452000 0.597889 0.021000 0.004222
2 0.452000 0.632778 0.021000 0.065556
