2 0.262500 0.531556 0.024500 0.034222
2 0.250250 0.478667 0.046500 0.080000
2 0.219250 0.545333 0.028000 0.048444
2 0.072250 0.851556 0.027750 0.041333
2 0.112250 0.426667 0.031500 0.040889
2 0.318000 0.649778 0.020000 0.031556
2 0.544000 0.837778 0.024250 0.060889
3 0.444000 0.528889 0.034250 0.026222
2 0.470250 0.511111 0.017250 0.050222
2 0.484500 0.526222 0.012750 0.047111
2 0.487000 0.478667 0.020000 0.032444
2 0.469750 0.462667 0.021000 0.034667
1 0.469500 0.392778 0.022250 0.014445
1 0.469500 0.407222 0.022250 0.014444
3 0.500250 0.380556 0.014000 0.038888
3 0.500250 0.405222 0.014000 0.010445
2 0.570750 0.394667 0.018500 0.010667
2 0.570750 0.416000 0.018500 0.032000
2 0.552750 0.492000 0.048250 0.038667
2 0.438500 0.720000 0.051000 0.128000
2 0.262500 0.531556 0.024500 0.034222
2 0.250250 0.478667 0.046500 0.080000
2 0.219250 0.545333 0.028000 0.048444
2 0.072250 0.851556 0.027750 0.041333
2 0.112250 0.426667 0.031500 0.040889
2 0.318000 0.649778 0.020000 0.031556
2 0.544000 0.837778 0.024250 0.060889
3 0.444000 0.528889 0.034250 0.026222
2 0.470250 0.511111 0.017250 0.050222
2 0.484500 0.526222 0.012750 0.047111
2 0.487000 0.478667 0.020000 0.032444
2 0.469750 0.462667 0.021000 0.034667
1 0.469500 0.392778 0.022250 0.014445
1 0.469500 0.407222 0.022250 0.014444
3 0.500250 0.380556 0.014000 0.038888
3 0.500250 0.405222 0.014000 0.010445
2 0.570750 0.394667 0.018500 0.010667
2 0.570750 0.416000 0.018500 0.032000
2 0.552750 0.492000 0.048250 0.038667
2 0.438500 0.720000 0.051000 0.128000
