3 0.036750 0.118222 0.023500 0.031556
2 0.283750 0.079111 0.016750 0.042667
3 0.231500 0.037778 0.018000 0.034667
2 0.198437 0.125333 0.003125 0.036889
2 0.210313 0.125333 0.020625 0.036889
3 0.207750 0.045778 0.015000 0.036889
2 0.196688 0.179556 0.006625 0.020889
2 0.202813 0.179556 0.005625 0.020889
2 0.312000 0.066222 0.012500 0.020889
3 0.295750 0.113778 0.024000 0.032444
3 0.270000 0.298222 0.019750 0.031111
3 0.190750 0.370667 0.015250 0.037333
2 0.208750 0.475111 0.005000 0.020889
2 0.157500 0.470667 0.004750 0.011556
2 0.177250 0.456000 0.012750 0.022222
2 0.293000 0.427111 0.012000 0.022222
2 0.267750 0.450667 0.024000 0.043556
1 0.216000 0.531556 0.015750 0.022667
3 0.346250 0.451556 0.023250 0.034222
3 0.314000 0.587222 0.009750 0.025556
3 0.314000 0.602111 0.009750 0.004222
2 0.369500 0.533333 0.009500 0.015556
2 0.362750 0.566667 0.013750 0.017333
3 0.390750 0.577333 0.016750 0.028000
1 0.318500 0.840889 0.013000 0.027111
3 0.442250 0.714222 0.008250 0.032889
2 0.446000 0.583667 0.027250 0.032667
2 0.446000 0.606556 0.027250 0.013111
2 0.559750 0.374222 0.010250 0.015556
2 0.586000 0.386444 0.020000 0.027111
2 0.586000 0.400667 0.020000 0.001333
2 0.617750 0.528000 0.009500 0.017333
2 0.619000 0.622667 0.005750 0.009778
2 0.620250 0.551556 0.013000 0.021333
2 0.616000 0.620444 0.004750 0.022667
2 0.628000 0.616889 0.013500 0.010667
