2 0.183500 0.699111 0.025500 0.040889
2 0.283500 0.860444 0.027000 0.040444
2 0.377000 0.563111 0.014250 0.022667
2 0.391250 0.558667 0.006250 0.015111
2 0.384000 0.544444 0.015000 0.018667
2 0.500750 0.448444 0.009750 0.016000
2 0.642250 0.300000 0.010250 0.019111
2 0.664000 0.312444 0.007250 0.026222
2 0.762250 0.450222 0.013250 0.025333
2 0.759000 0.419556 0.012250 0.020444
2 0.664500 0.582222 0.012000 0.019556
2 0.646000 0.589444 0.011250 0.021112
2 0.646000 0.603000 0.011250 0.005999
2 0.868750 0.646667 0.027000 0.067111
2 0.183500 0.699111 0.025500 0.040889
2 0.283500 0.860444 0.027000 0.040444
2 0.377000 0.563111 0.014250 0.022667
2 0.391250 0.558667 0.006250 0.015111
2 0.384000 0.544444 0.015000 0.018667
2 0.500750 0.448444 0.009750 0.016000
2 0.642250 0.300000 0.010250 0.019111
2 0.664000 0.312444 0.007250 0.026222
2 0.762250 0.450222 0.013250 0.025333
2 0.759000 0.419556 0.012250 0.020444
2 0.664500 0.582222 0.012000 0.019556
2 0.646000 0.589444 0.011250 0.021112
2 0.646000 0.603000 0.011250 0.005999
2 0.868750 0.646667 0.027000 0.067111
