2 0.011000 0.241778 0.021750 0.070222
2 0.193875 0.531556 0.012250 0.038222
2 0.206375 0.531556 0.012750 0.038222
2 0.135250 0.570778 0.038750 0.058444
2 0.135250 0.603000 0.038750 0.006000
2 0.166000 0.559111 0.029500 0.064889
2 0.174000 0.500444 0.028250 0.055111
2 0.187000 0.566334 0.026000 0.067333
2 0.187000 0.600334 0.026000 0.000667
2 0.209250 0.566334 0.018500 0.067333
2 0.209250 0.600334 0.018500 0.000667
2 0.189500 0.459556 0.018250 0.031556
2 0.136000 0.512000 0.044500 0.077333
2 0.163750 0.599000 0.025250 0.002000
2 0.163750 0.620556 0.025250 0.041111
2 0.220250 0.495556 0.026250 0.044000
2 0.245500 0.646667 0.019000 0.030667
2 0.291000 0.548444 0.016500 0.042667
2 0.259500 0.585000 0.023000 0.030001
2 0.259500 0.603444 0.023000 0.006888
