2 0.346750 0.988222 0.025250 0.023556
1 0.795875 0.253778 0.008250 0.055556
1 0.810125 0.253778 0.020250 0.055556
1 0.749000 0.432889 0.027000 0.060444
3 0.906250 0.387889 0.026750 0.024223
3 0.906250 0.431222 0.026750 0.062444
3 0.913250 0.881778 0.053000 0.039111
3 0.865250 0.906222 0.049250 0.033778
2 0.366000 0.831111 0.028500 0.052444
2 0.510500 0.720889 0.023000 0.036444
2 0.434000 0.362222 0.016000 0.018667
3 0.428750 0.575778 0.028750 0.048445
3 0.428750 0.627333 0.028750 0.054666
2 0.351250 0.548444 0.051750 0.087556
