2 0.248000 0.855111 0.030250 0.044444
2 0.292500 0.843556 0.022250 0.040444
2 0.277750 0.773889 0.043250 0.052223
2 0.277750 0.816333 0.043250 0.032666
2 0.349500 0.957333 0.023000 0.030667
2 0.140500 0.748000 0.032750 0.044889
2 0.474000 0.825778 0.037500 0.032000
2 0.518500 0.796333 0.016750 0.007333
2 0.518500 0.825889 0.016750 0.051778
2 0.502000 0.790333 0.020250 0.019334
2 0.502000 0.819889 0.020250 0.039778
2 0.501250 0.757778 0.022000 0.036889
2 0.519500 0.768889 0.019000 0.032000
1 0.500750 0.693333 0.025750 0.027556
3 0.531500 0.676000 0.018250 0.056000
2 0.596250 0.703556 0.007500 0.044889
2 0.608500 0.703556 0.017000 0.044889
2 0.688750 0.889778 0.020000 0.032444
2 0.682750 0.847556 0.028750 0.040000
2 0.582063 0.783222 0.035875 0.033556
2 0.582063 0.805667 0.035875 0.011333
2 0.605938 0.783222 0.011875 0.033556
2 0.605938 0.805667 0.011875 0.011333
2 0.248000 0.855111 0.030250 0.044444
2 0.292500 0.843556 0.022250 0.040444
2 0.277750 0.773889 0.043250 0.052223
2 0.277750 0.816333 0.043250 0.032666
2 0.349500 0.957333 0.023000 0.030667
2 0.140500 0.748000 0.032750 0.044889
2 0.474000 0.825778 0.037500 0.032000
2 0.518500 0.796333 0.016750 0.007333
2 0.518500 0.825889 0.016750 0.051778
2 0.502000 0.790333 0.020250 0.019334
2 0.502000 0.819889 0.020250 0.039778
2 0.501250 0.757778 0.022000 0.036889
2 0.519500 0.768889 0.019000 0.032000
1 0.500750 0.693333 0.025750 0.027556
3 0.531500 0.676000 0.018250 0.056000
2 0.596250 0.703556 0.007500 0.044889
2 0.608500 0.703556 0.017000 0.044889
2 0.688750 0.889778 0.020000 0.032444
2 0.682750 0.847556 0.028750 0.040000
2 0.582063 0.783222 0.035875 0.033556
2 0.582063 0.805667 0.035875 0.011333
2 0.605938 0.783222 0.011875 0.033556
2 0.605938 0.805667 0.011875 0.011333
