2 0.793250 0.589111 0.013500 0.021778
2 0.793250 0.617556 0.013500 0.035111
2 0.812750 0.589111 0.025500 0.021778
2 0.812750 0.617556 0.025500 0.035111
2 0.564750 0.536000 0.015500 0.018667
2 0.590250 0.556000 0.013250 0.028444
2 0.664750 0.497333 0.007250 0.012889
2 0.555750 0.735111 0.020500 0.033333
2 0.638750 0.744000 0.016500 0.022667
2 0.612750 0.686222 0.014500 0.025333
2 0.665000 0.737333 0.010000 0.024889
2 0.793250 0.589111 0.013500 0.021778
2 0.793250 0.617556 0.013500 0.035111
2 0.812750 0.589111 0.025500 0.021778
2 0.812750 0.617556 0.025500 0.035111
2 0.564750 0.536000 0.015500 0.018667
2 0.590250 0.556000 0.013250 0.028444
2 0.664750 0.497333 0.007250 0.012889
2 0.555750 0.735111 0.020500 0.033333
2 0.638750 0.744000 0.016500 0.022667
2 0.612750 0.686222 0.014500 0.025333
2 0.665000 0.737333 0.010000 0.024889
