2 0.772250 0.779000 0.020250 0.042000
2 0.772250 0.801000 0.020250 0.002000
2 0.691000 0.734222 0.011000 0.021778
2 0.700750 0.683111 0.023000 0.040444
3 0.726000 0.584222 0.015000 0.031556
3 0.726000 0.604222 0.015000 0.008444
2 0.776500 0.627111 0.018500 0.040444
3 0.788438 0.664444 0.023125 0.033333
3 0.800813 0.664444 0.001625 0.033333
2 0.799438 0.614222 0.001125 0.019556
2 0.805313 0.614222 0.010625 0.019556
3 0.822000 0.990556 0.023250 0.018889
2 0.743500 0.513778 0.014000 0.025778
2 0.652250 0.758222 0.017500 0.028889
2 0.219250 0.760889 0.027500 0.044444
2 0.772250 0.779000 0.020250 0.042000
2 0.772250 0.801000 0.020250 0.002000
2 0.691000 0.734222 0.011000 0.021778
2 0.700750 0.683111 0.023000 0.040444
3 0.726000 0.584222 0.015000 0.031556
3 0.726000 0.604222 0.015000 0.008444
2 0.776500 0.627111 0.018500 0.040444
3 0.788438 0.664444 0.023125 0.033333
3 0.800813 0.664444 0.001625 0.033333
2 0.799438 0.614222 0.001125 0.019556
2 0.805313 0.614222 0.010625 0.019556
3 0.822000 0.990556 0.023250 0.018889
2 0.743500 0.513778 0.014000 0.025778
2 0.652250 0.758222 0.017500 0.028889
2 0.219250 0.760889 0.027500 0.044444
