1 0.956750 0.233778 0.007500 0.014667
2 0.948250 0.255111 0.035250 0.025778
2 0.946750 0.224889 0.023250 0.036889
2 0.921750 0.268889 0.023250 0.092889
2 0.775000 0.707556 0.022750 0.056000
2 0.676000 0.560778 0.054000 0.078444
2 0.676000 0.622778 0.054000 0.045556
2 0.691500 0.376778 0.027500 0.046444
2 0.691500 0.401889 0.027500 0.003778
2 0.714000 0.346222 0.018750 0.028000
2 0.697000 0.332444 0.019000 0.032444
3 0.725250 0.253778 0.015500 0.046667
2 0.332000 0.916000 0.018750 0.064889
2 0.311750 0.704000 0.022750 0.041778
2 0.528250 0.287556 0.056500 0.079111
2 0.494000 0.390444 0.023250 0.019112
2 0.494000 0.406889 0.023250 0.013777
2 0.449250 0.415111 0.033000 0.020889
2 0.354500 0.281333 0.029500 0.042222
