2 0.501750 0.323111 0.019500 0.029333
2 0.520250 0.397111 0.028250 0.005778
2 0.520250 0.416667 0.028250 0.033333
2 0.824500 0.482222 0.021000 0.080000
2 0.552000 0.943111 0.012500 0.020444
2 0.627000 0.689778 0.020750 0.036000
2 0.398938 0.462667 0.002125 0.025778
2 0.409312 0.462667 0.018625 0.025778
2 0.371250 0.656889 0.036500 0.064889
2 0.579000 0.783667 0.039000 0.032666
2 0.579000 0.815889 0.039000 0.031778
2 0.763750 0.566555 0.032750 0.066889
2 0.763750 0.606334 0.032750 0.012667
2 0.531250 0.325333 0.031750 0.079556
2 0.244000 0.158667 0.034500 0.079111
