2 0.764500 0.698667 0.022500 0.057333
2 0.665000 0.556555 0.053000 0.086889
2 0.665000 0.619445 0.053000 0.038889
2 0.681000 0.370667 0.027500 0.050222
2 0.686000 0.326222 0.019750 0.033333
2 0.703500 0.339556 0.021000 0.029778
3 0.714250 0.247556 0.016000 0.047111
2 0.922750 0.226667 0.021000 0.024000
1 0.945500 0.224444 0.007750 0.016444
2 0.936750 0.247111 0.031500 0.025333
2 0.935500 0.199000 0.024000 0.002000
2 0.935500 0.216556 0.024000 0.033111
2 0.909750 0.268000 0.021500 0.079111
2 0.934000 0.774667 0.022000 0.037333
2 0.443500 0.389111 0.026750 0.021778
2 0.443500 0.410889 0.026750 0.021778
2 0.506500 0.394556 0.015750 0.010889
2 0.506500 0.410334 0.015750 0.020667
2 0.476000 0.335556 0.050000 0.091556
2 0.344000 0.273333 0.030000 0.042222
2 0.300750 0.694667 0.023750 0.041778
2 0.321500 0.907556 0.019250 0.065778
