2 0.566750 0.079111 0.027750 0.054667
2 0.495500 0.151556 0.013250 0.041333
2 0.653750 0.962556 0.042500 0.074888
2 0.477500 0.842222 0.042500 0.065333
1 0.552750 0.940444 0.035750 0.051556
1 0.717750 0.669333 0.040000 0.031111
1 0.771500 0.068444 0.041250 0.031556
3 0.710000 0.152000 0.051500 0.034667
3 0.591250 0.131111 0.017500 0.040000
3 0.616000 0.131111 0.032000 0.040000
3 0.815250 0.583444 0.020000 0.033112
3 0.815250 0.633000 0.020000 0.065999
3 0.346500 0.354333 0.026000 0.091333
3 0.346500 0.403444 0.026000 0.006889
3 0.307500 0.666667 0.024250 0.068889
2 0.566750 0.079111 0.027750 0.054667
2 0.495500 0.151556 0.013250 0.041333
2 0.653750 0.962556 0.042500 0.074888
2 0.477500 0.842222 0.042500 0.065333
1 0.552750 0.940444 0.035750 0.051556
1 0.717750 0.669333 0.040000 0.031111
1 0.771500 0.068444 0.041250 0.031556
3 0.710000 0.152000 0.051500 0.034667
3 0.591250 0.131111 0.017500 0.040000
3 0.616000 0.131111 0.032000 0.040000
3 0.815250 0.583444 0.020000 0.033112
3 0.815250 0.633000 0.020000 0.065999
3 0.346500 0.354333 0.026000 0.091333
3 0.346500 0.403444 0.026000 0.006889
3 0.307500 0.666667 0.024250 0.068889
