2 0.652750 0.287556 0.017500 0.030667
2 0.504000 0.391444 0.015500 0.017112
2 0.504000 0.402778 0.015500 0.005555
1 0.490000 0.529333 0.021000 0.018667
2 0.431250 0.561445 0.048750 0.077111
2 0.431250 0.606556 0.048750 0.013111
2 0.056500 0.187444 0.023750 0.025112
2 0.056500 0.210778 0.023750 0.021556
2 0.104500 0.232000 0.028500 0.040889
2 0.098750 0.391556 0.017000 0.016889
2 0.098750 0.404445 0.017000 0.008889
2 0.100000 0.425333 0.027750 0.040000
2 0.040250 0.371111 0.023250 0.042222
2 0.038250 0.398111 0.034000 0.003778
2 0.038250 0.410333 0.034000 0.020666
3 0.023250 0.452444 0.023500 0.042222
2 0.006000 0.472444 0.011500 0.034667
2 0.161750 0.793778 0.033000 0.012444
2 0.161750 0.809333 0.033000 0.018667
3 0.423000 0.678667 0.029000 0.032444
2 0.688750 0.648444 0.018000 0.036889
2 0.628750 0.646222 0.023750 0.084889
2 0.598188 0.694667 0.003625 0.040444
2 0.608563 0.694667 0.017125 0.040444
2 0.665250 0.914667 0.024500 0.045778
2 0.703750 0.839556 0.013250 0.033333
2 0.652750 0.287556 0.017500 0.030667
2 0.504000 0.391444 0.015500 0.017112
2 0.504000 0.402778 0.015500 0.005555
1 0.490000 0.529333 0.021000 0.018667
2 0.431250 0.561445 0.048750 0.077111
2 0.431250 0.606556 0.048750 0.013111
2 0.056500 0.187444 0.023750 0.025112
2 0.056500 0.210778 0.023750 0.021556
2 0.104500 0.232000 0.028500 0.040889
2 0.098750 0.391556 0.017000 0.016889
2 0.098750 0.404445 0.017000 0.008889
2 0.100000 0.425333 0.027750 0.040000
2 0.040250 0.371111 0.023250 0.042222
2 0.038250 0.398111 0.034000 0.003778
2 0.038250 0.410333 0.034000 0.020666
3 0.023250 0.452444 0.023500 0.042222
2 0.006000 0.472444 0.011500 0.034667
2 0.161750 0.793778 0.033000 0.012444
2 0.161750 0.809333 0.033000 0.018667
3 0.423000 0.678667 0.029000 0.032444
2 0.688750 0.648444 0.018000 0.036889
2 0.628750 0.646222 0.023750 0.084889
2 0.598188 0.694667 0.003625 0.040444
2 0.608563 0.694667 0.017125 0.040444
2 0.665250 0.914667 0.024500 0.045778
2 0.703750 0.839556 0.013250 0.033333
