2 0.146250 0.949333 0.034500 0.034222
2 0.492750 0.530667 0.014750 0.023556
2 0.364750 0.093333 0.020000 0.040889
2 0.679500 0.784111 0.019250 0.031778
2 0.679500 0.803000 0.019250 0.006000
2 0.642500 0.421778 0.018250 0.032000
2 0.695500 0.985333 0.014000 0.029333
2 0.619000 0.772666 0.022500 0.054667
2 0.619000 0.816666 0.022500 0.033333
2 0.593438 0.839556 0.013125 0.038222
2 0.603813 0.839556 0.007625 0.038222
1 0.479500 0.667556 0.020750 0.020889
2 0.431250 0.637333 0.015250 0.029778
2 0.375750 0.598000 0.018750 0.004000
2 0.375750 0.612667 0.018750 0.025333
2 0.396813 0.710667 0.006375 0.094222
2 0.421438 0.710667 0.042875 0.094222
2 0.039500 0.328889 0.023750 0.044889
2 0.023000 0.511111 0.023000 0.042667
2 0.020250 0.545778 0.031250 0.028889
2 0.088000 0.365778 0.030500 0.047111
2 0.084250 0.560000 0.025750 0.038222
3 0.008500 0.585445 0.016500 0.029111
3 0.008500 0.609223 0.016500 0.018445
