2 0.347250 0.311111 0.082250 0.154667
3 0.597000 0.524444 0.006000 0.052000
3 0.610750 0.524444 0.021500 0.052000
3 0.570000 0.388555 0.034250 0.022890
3 0.570000 0.423889 0.034250 0.047777
2 0.444250 0.565333 0.044000 0.044444
2 0.439000 0.520889 0.028750 0.078222
2 0.440250 0.584222 0.025750 0.031556
2 0.440250 0.618000 0.025750 0.036000
2 0.469500 0.539556 0.026750 0.061778
2 0.466500 0.586334 0.027750 0.027333
2 0.466500 0.618556 0.027750 0.037111
2 0.476000 0.726222 0.021750 0.043111
2 0.472500 0.670667 0.016500 0.033778
2 0.448750 0.645778 0.022500 0.036000
2 0.438500 0.657333 0.024250 0.037778
2 0.430750 0.679556 0.041250 0.053778
2 0.393313 0.744889 0.013375 0.088889
2 0.414938 0.744889 0.029875 0.088889
2 0.377000 0.758333 0.044000 0.083334
2 0.377000 0.810111 0.044000 0.020222
2 0.466000 0.886222 0.014750 0.017333
2 0.462000 0.880444 0.009500 0.050222
2 0.487500 0.872444 0.026000 0.019111
