3 0.647500 0.498222 0.026750 0.054667
3 0.597688 0.373444 0.004625 0.053112
3 0.597688 0.408778 0.004625 0.017555
3 0.614063 0.373444 0.028125 0.053112
3 0.614063 0.408778 0.028125 0.017555
2 0.506250 0.501333 0.026000 0.063111
2 0.495500 0.569333 0.039750 0.060444
2 0.465000 0.635556 0.040250 0.052444
2 0.479750 0.484000 0.034500 0.079111
2 0.381812 0.199444 0.036375 0.001112
2 0.381812 0.289000 0.036375 0.177999
2 0.421937 0.199444 0.043875 0.001112
2 0.421937 0.289000 0.043875 0.177999
3 0.647500 0.498222 0.026750 0.054667
3 0.597688 0.373444 0.004625 0.053112
3 0.597688 0.408778 0.004625 0.017555
3 0.614063 0.373444 0.028125 0.053112
3 0.614063 0.408778 0.028125 0.017555
2 0.506250 0.501333 0.026000 0.063111
2 0.495500 0.569333 0.039750 0.060444
2 0.465000 0.635556 0.040250 0.052444
2 0.479750 0.484000 0.034500 0.079111
2 0.381812 0.199444 0.036375 0.001112
2 0.381812 0.289000 0.036375 0.177999
2 0.421937 0.199444 0.043875 0.001112
2 0.421937 0.289000 0.043875 0.177999
