2 0.399000 0.792444 0.002000 0.015111
2 0.399000 0.802223 0.002000 0.004445
2 0.404500 0.792444 0.009000 0.015111
2 0.404500 0.802223 0.009000 0.004445
2 0.399938 0.990444 0.000125 0.019111
2 0.406062 0.990444 0.012125 0.019111
2 0.420000 0.985556 0.019500 0.028888
2 0.461750 0.890222 0.010250 0.026667
2 0.416750 0.893778 0.009500 0.032889
2 0.420750 0.594111 0.013750 0.011778
2 0.420750 0.604111 0.013750 0.008222
2 0.465750 0.648444 0.013000 0.021778
2 0.480250 0.599111 0.022250 0.001778
2 0.480250 0.619556 0.022250 0.039111
2 0.497000 0.623556 0.012750 0.014667
2 0.509250 0.667111 0.009500 0.017778
2 0.512250 0.696444 0.010250 0.015111
2 0.520000 0.651111 0.012750 0.024444
1 0.537000 0.659111 0.010500 0.017778
2 0.521750 0.692000 0.009500 0.016444
3 0.542750 0.748000 0.011750 0.021333
3 0.567750 0.636000 0.016500 0.016444
2 0.572000 0.728889 0.023750 0.060889
2 0.629500 0.577778 0.009750 0.020889
2 0.621750 0.617778 0.023500 0.021778
2 0.670000 0.663111 0.008500 0.016000
2 0.667000 0.644444 0.014250 0.017778
