2 0.524500 0.682667 0.019500 0.033778
2 0.397750 0.584111 0.004500 0.031778
2 0.397750 0.607445 0.004500 0.014889
2 0.411250 0.584111 0.022500 0.031778
2 0.411250 0.607445 0.022500 0.014889
1 0.557500 0.597000 0.022000 0.006000
1 0.557500 0.615889 0.022000 0.031778
2 0.750750 0.443111 0.020500 0.040444
2 0.441000 0.527111 0.049750 0.086667
2 0.520500 0.585445 0.025750 0.029111
2 0.520500 0.613223 0.025750 0.026445
2 0.308750 0.480889 0.030250 0.045778
2 0.826500 0.583333 0.029500 0.033334
2 0.826500 0.602000 0.029500 0.003999
2 0.734250 0.528889 0.049750 0.049778
2 0.505750 0.690667 0.019750 0.031556
3 0.571000 0.786555 0.026500 0.026889
3 0.571000 0.812555 0.026500 0.025111
2 0.631500 0.747333 0.049750 0.105334
2 0.631500 0.811778 0.049750 0.023555
2 0.272750 0.899556 0.025000 0.043111
