2 0.672500 0.590222 0.019250 0.019556
2 0.672500 0.603556 0.019250 0.007111
1 0.511500 0.440444 0.013750 0.021333
1 0.501250 0.614667 0.019750 0.016000
2 0.551000 0.563556 0.021500 0.021333
2 0.613000 0.474667 0.013500 0.045333
2 0.607250 0.511556 0.012750 0.017333
1 0.698500 0.546222 0.012000 0.028444
3 0.530000 0.584889 0.014000 0.025778
3 0.502750 0.592222 0.028750 0.015556
3 0.502750 0.603778 0.028750 0.007555
1 0.571500 0.496000 0.017250 0.039556
1 0.637500 0.422667 0.013000 0.032444
1 0.495250 0.544444 0.020750 0.031111
1 0.491750 0.430667 0.010750 0.038222
