2 0.393937 0.510222 0.012125 0.029333
2 0.400813 0.510222 0.001625 0.029333
2 0.369000 0.516889 0.016500 0.030667
2 0.351000 0.486222 0.030000 0.047111
2 0.343750 0.395667 0.019500 0.008667
2 0.343750 0.411000 0.019500 0.022000
2 0.362750 0.393667 0.019250 0.012666
2 0.362750 0.409889 0.019250 0.019778
1 0.377750 0.372444 0.021500 0.018222
2 0.421750 0.484444 0.012750 0.026222
2 0.388188 0.533778 0.023625 0.038667
2 0.401062 0.533778 0.002125 0.038667
1 0.331500 0.589333 0.013000 0.021333
2 0.277750 0.526222 0.018250 0.025778
2 0.317250 0.590111 0.022250 0.019778
2 0.317250 0.606778 0.022250 0.013555
2 0.739750 0.599889 0.019750 0.000223
2 0.739750 0.616555 0.019750 0.033110
2 0.727500 0.637333 0.020000 0.035111
2 0.492750 0.565333 0.015250 0.031556
2 0.528500 0.553778 0.041000 0.092445
2 0.528500 0.603111 0.041000 0.006222
2 0.593250 0.628889 0.013500 0.052000
2 0.614500 0.628889 0.029000 0.052000
2 0.666500 0.598666 0.042500 0.002667
2 0.666500 0.640445 0.042500 0.080889
2 0.690000 0.588111 0.025500 0.023778
2 0.690000 0.600778 0.025500 0.001555
2 0.685750 0.660444 0.025500 0.032889
3 0.854000 0.580334 0.015250 0.039333
3 0.854000 0.605445 0.015250 0.010889
2 0.393937 0.510222 0.012125 0.029333
2 0.400813 0.510222 0.001625 0.029333
2 0.369000 0.516889 0.016500 0.030667
2 0.351000 0.486222 0.030000 0.047111
2 0.343750 0.395667 0.019500 0.008667
2 0.343750 0.411000 0.019500 0.022000
2 0.362750 0.393667 0.019250 0.012666
2 0.362750 0.409889 0.019250 0.019778
1 0.377750 0.372444 0.021500 0.018222
2 0.421750 0.484444 0.012750 0.026222
2 0.388188 0.533778 0.023625 0.038667
2 0.401062 0.533778 0.002125 0.038667
1 0.331500 0.589333 0.013000 0.021333
2 0.277750 0.526222 0.018250 0.025778
2 0.317250 0.590111 0.022250 0.019778
2 0.317250 0.606778 0.022250 0.013555
2 0.739750 0.599889 0.019750 0.000223
2 0.739750 0.616555 0.019750 0.033110
2 0.727500 0.637333 0.020000 0.035111
2 0.492750 0.565333 0.015250 0.031556
2 0.528500 0.553778 0.041000 0.092445
2 0.528500 0.603111 0.041000 0.006222
2 0.593250 0.628889 0.013500 0.052000
2 0.614500 0.628889 0.029000 0.052000
2 0.666500 0.598666 0.042500 0.002667
2 0.666500 0.640445 0.042500 0.080889
2 0.690000 0.588111 0.025500 0.023778
2 0.690000 0.600778 0.025500 0.001555
2 0.685750 0.660444 0.025500 0.032889
3 0.854000 0.580334 0.015250 0.039333
3 0.854000 0.605445 0.015250 0.010889
