2 0.518000 0.593000 0.019750 0.014000
2 0.518000 0.610556 0.019750 0.021111
2 0.530250 0.584444 0.015750 0.028889
2 0.194438 0.505778 0.011125 0.033333
2 0.207313 0.505778 0.014625 0.033333
2 0.185000 0.488889 0.016000 0.024889
2 0.101250 0.495556 0.016750 0.026222
2 0.168750 0.460444 0.029500 0.045778
2 0.164250 0.386555 0.019750 0.026889
2 0.164250 0.400556 0.019750 0.001111
2 0.183000 0.384333 0.017250 0.031333
2 0.183000 0.400556 0.017250 0.001111
1 0.193688 0.355556 0.012625 0.016889
1 0.204063 0.355556 0.008125 0.016889
2 0.208250 0.481778 0.014250 0.024444
1 0.150250 0.553778 0.012000 0.021778
2 0.136750 0.562667 0.021750 0.033778
2 0.234250 0.460000 0.011000 0.022222
2 0.301500 0.536444 0.015750 0.030222
2 0.337750 0.528889 0.040000 0.092000
2 0.394125 0.584111 0.011750 0.031778
2 0.394125 0.612778 0.011750 0.025555
2 0.414125 0.584111 0.028250 0.031778
2 0.414125 0.612778 0.028250 0.025555
2 0.487250 0.560889 0.023250 0.020444
2 0.462250 0.581222 0.039750 0.037555
2 0.462250 0.622334 0.039750 0.044667
2 0.479500 0.623556 0.024000 0.031556
2 0.389500 0.974667 0.013000 0.036000
2 0.483750 0.977333 0.024000 0.031556
2 0.451000 0.963556 0.015750 0.021333
2 0.489000 0.887556 0.019750 0.034667
3 0.638500 0.562222 0.013000 0.049778
