2 0.554750 0.946667 0.013750 0.029778
2 0.617500 0.939556 0.016500 0.024444
2 0.650750 0.955111 0.026250 0.034667
2 0.656000 0.862667 0.020500 0.036889
3 0.800000 0.530667 0.000000 0.050667
3 0.806750 0.530667 0.013500 0.050667
2 0.683750 0.571111 0.023000 0.034667
2 0.696250 0.552889 0.018250 0.029333
2 0.650500 0.526667 0.025000 0.021778
2 0.626000 0.564333 0.041250 0.071334
2 0.626000 0.605889 0.041250 0.011777
2 0.643750 0.588889 0.025250 0.022223
2 0.643750 0.604444 0.025250 0.008888
2 0.570500 0.561778 0.041500 0.059111
2 0.323250 0.340000 0.018500 0.028444
2 0.340500 0.338667 0.018000 0.034222
2 0.370500 0.439556 0.012250 0.026667
1 0.356500 0.309333 0.020750 0.015556
2 0.345500 0.444000 0.017000 0.026222
2 0.329250 0.396333 0.030000 0.007334
2 0.329250 0.420111 0.030000 0.040222
2 0.395062 0.416889 0.009875 0.022667
2 0.400687 0.416889 0.001375 0.022667
2 0.497000 0.491111 0.039250 0.093778
2 0.462750 0.497333 0.014500 0.029333
2 0.295750 0.519556 0.021750 0.034222
1 0.309000 0.510222 0.012500 0.022667
2 0.364000 0.461333 0.025750 0.036000
2 0.259250 0.451111 0.017750 0.025333
