2 0.162750 0.956889 0.017750 0.067111
2 0.151250 0.734222 0.027250 0.042667
2 0.642250 0.794111 0.015000 0.011778
2 0.642250 0.809000 0.015000 0.018000
2 0.799937 0.799222 0.000125 0.001556
2 0.799937 0.817667 0.000125 0.035333
2 0.812563 0.799222 0.025125 0.001556
2 0.812563 0.817667 0.025125 0.035333
3 0.590250 0.268444 0.018500 0.051556
2 0.559500 0.349778 0.018000 0.035111
2 0.577750 0.366667 0.021250 0.027111
2 0.554250 0.386445 0.026750 0.027110
2 0.554250 0.413111 0.026750 0.026223
2 0.376437 0.299111 0.047125 0.089778
2 0.403813 0.299111 0.007625 0.089778
2 0.189438 0.295556 0.021125 0.042222
2 0.206063 0.295556 0.012125 0.042222
2 0.795875 0.257333 0.008250 0.046667
2 0.808125 0.257333 0.016250 0.046667
2 0.817750 0.266667 0.030500 0.027111
2 0.819250 0.236444 0.024750 0.034222
2 0.793250 0.288444 0.013500 0.075556
2 0.802500 0.288444 0.005000 0.075556
2 0.636000 0.738222 0.025000 0.064000
2 0.530750 0.572889 0.056000 0.054222
2 0.530750 0.636889 0.056000 0.073778
2 0.398625 0.157778 0.002750 0.059556
2 0.408125 0.157778 0.016250 0.059556
