2 0.527500 0.657333 0.010750 0.025333
2 0.565500 0.598222 0.015500 0.003556
2 0.565500 0.611111 0.015500 0.022222
2 0.583000 0.907111 0.029500 0.051556
1 0.677500 0.582667 0.020250 0.021333
1 0.680750 0.794555 0.020250 0.010889
1 0.680750 0.804555 0.020250 0.009111
1 0.551000 0.888000 0.011250 0.037333
3 0.641250 0.585667 0.015250 0.028667
3 0.641250 0.610333 0.015250 0.020666
3 0.627250 0.798333 0.024000 0.003334
3 0.627250 0.826111 0.024000 0.052222
3 0.502750 0.866667 0.025750 0.021333
3 0.438250 0.966222 0.012500 0.042222
3 0.540750 0.092889 0.025000 0.044444
3 0.289750 0.364444 0.013500 0.062667
2 0.346500 0.775111 0.026000 0.024889
3 0.349250 0.793222 0.012000 0.013556
3 0.349250 0.819222 0.012000 0.038444
3 0.391125 0.746667 0.017750 0.021333
3 0.405375 0.746667 0.010750 0.021333
3 0.101750 0.725778 0.026500 0.039556
2 0.010250 0.678667 0.020250 0.033778
2 0.527500 0.657333 0.010750 0.025333
2 0.565500 0.598222 0.015500 0.003556
2 0.565500 0.611111 0.015500 0.022222
2 0.583000 0.907111 0.029500 0.051556
1 0.677500 0.582667 0.020250 0.021333
1 0.680750 0.794555 0.020250 0.010889
1 0.680750 0.804555 0.020250 0.009111
1 0.551000 0.888000 0.011250 0.037333
3 0.641250 0.585667 0.015250 0.028667
3 0.641250 0.610333 0.015250 0.020666
3 0.627250 0.798333 0.024000 0.003334
3 0.627250 0.826111 0.024000 0.052222
3 0.502750 0.866667 0.025750 0.021333
3 0.438250 0.966222 0.012500 0.042222
3 0.540750 0.092889 0.025000 0.044444
3 0.289750 0.364444 0.013500 0.062667
2 0.346500 0.775111 0.026000 0.024889
3 0.349250 0.793222 0.012000 0.013556
3 0.349250 0.819222 0.012000 0.038444
3 0.391125 0.746667 0.017750 0.021333
3 0.405375 0.746667 0.010750 0.021333
3 0.101750 0.725778 0.026500 0.039556
2 0.010250 0.678667 0.020250 0.033778
