2 0.417500 0.598778 0.019500 0.002445
2 0.417500 0.612333 0.019500 0.024666
2 0.361500 0.498222 0.022750 0.032444
2 0.349750 0.442667 0.045750 0.080444
2 0.319750 0.509333 0.028250 0.046667
2 0.178500 0.794778 0.025750 0.010445
2 0.178500 0.813667 0.025750 0.027333
2 0.557750 0.474667 0.025500 0.047111
2 0.580500 0.444000 0.020750 0.031556
2 0.562500 0.429778 0.019750 0.030222
3 0.592563 0.351556 0.014875 0.047556
3 0.600188 0.351556 0.000375 0.047556
1 0.817750 0.325778 0.009750 0.020444
2 0.792938 0.327111 0.014125 0.025778
2 0.806312 0.327111 0.012625 0.025778
2 0.797688 0.316000 0.004625 0.033333
2 0.809563 0.316000 0.019125 0.033333
2 0.796312 0.347111 0.007375 0.020444
2 0.812688 0.347111 0.025375 0.020444
2 0.783000 0.361444 0.023250 0.077111
2 0.783000 0.404778 0.023250 0.009555
2 0.639750 0.786889 0.023250 0.026223
2 0.639750 0.813555 0.023250 0.027110
2 0.540750 0.687556 0.053750 0.115556
2 0.217750 0.384556 0.030750 0.030889
2 0.217750 0.406111 0.030750 0.012222
