2 0.385250 0.220889 0.024250 0.040444
2 0.648750 0.041778 0.054500 0.066667
2 0.542750 0.651556 0.025000 0.022667
2 0.539000 0.619111 0.025250 0.036000
2 0.530500 0.674222 0.013750 0.028000
2 0.586000 0.871111 0.009500 0.015111
2 0.560250 0.847556 0.025500 0.040000
2 0.458250 0.668000 0.024750 0.035556
2 0.237750 0.819556 0.024750 0.038667
2 0.385250 0.220889 0.024250 0.040444
2 0.648750 0.041778 0.054500 0.066667
2 0.542750 0.651556 0.025000 0.022667
2 0.539000 0.619111 0.025250 0.036000
2 0.530500 0.674222 0.013750 0.028000
2 0.586000 0.871111 0.009500 0.015111
2 0.560250 0.847556 0.025500 0.040000
2 0.458250 0.668000 0.024750 0.035556
2 0.237750 0.819556 0.024750 0.038667
