3 0.007500000000000007 0.033889999999999754 0.015 0.06777499999999999
2 0.5737500000000001 0.054999999999999494 0.08375 0.10999999999999999
2 0.5987500000000001 0.1777799999999996 0.075 0.13999999999999999
3 0.67 0.0911099999999998 0.08999999999999998 0.18221999999999997
3 0.07374999999999993 0.9677799999999998 0.10375 0.06444499999999999
3 0.34 0.8111099999999993 0.09874999999999999 0.08222
3 0.4974999999999999 0.5577799999999994 0.0525 0.17111
2 0.5399999999999999 0.4244449999999994 0.09624999999999999 0.16222
2 0.6074999999999997 0.5111099999999996 0.10999999999999999 0.17777999999999997
2 0.8912500000000001 0.44888999999999957 0.057499999999999996 0.075555
2 0.6762499999999999 0.3511099999999995 0.16125 0.255555
2 0.6637499999999996 0.6555549999999993 0.14375 0.28889
3 0.2612499999999998 0.17555499999999946 0.0425 0.23778
