2 0.971565 0.9205550000000001 0.056874999999999995 0.15889
3 0.965625 0.6555549999999999 0.06874999999999999 0.08888999999999998
2 0.8912499999999998 0.40666499999999994 0.08750000000000001 0.18221999999999997
2 0.6725 0.8977799999999997 0.048749999999999995 0.06
2 0.6887499999999999 0.6444450000000002 0.19499999999999998 0.46221999999999996
2 0.5074999999999998 0.68222 0.075 0.13555499999999998
2 0.17249999999999988 0.3 0.056249999999999994 0.104445
2 0.03562499999999996 0.5199999999999999 0.07125 0.155555
2 0.05687499999999998 0.6555549999999999 0.11374999999999999 0.266665
2 0.0412499999999999 0.4177799999999998 0.06874999999999999 0.13110999999999998
