3 0.6662499999999999 0.9822199999999998 0.09624999999999999 0.03556
3 0.006874999999999798 0.9399999999999997 0.013749999999999998 0.12
2 0.6124999999999997 0.29333499999999985 0.043750000000000004 0.08
2 0.6462499999999999 0.7177800000000001 0.057499999999999996 0.10221999999999999
3 0.4199999999999998 0.8666649999999998 0.06874999999999999 0.19333499999999998
2 0.6712499999999999 0.4977799999999999 0.06 0.11110999999999999
2 0.5874999999999997 0.3355549999999999 0.09124999999999998 0.144445
2 0.3225 0.23110999999999993 0.12749999999999997 0.233335
3 0.42874999999999996 0.28889 0.05875 0.24222
3 0.8962500000000001 0.32222 0.125 0.09777999999999999
