1 0.8087499999999997 0.66 0.04 0.11333499999999999
1 0.78625 0.0466649999999999 0.04125 0.09110999999999998
2 0.4149999999999998 0.63778 0.049999999999999996 0.06888999999999999
2 0.41624999999999995 0.67778 0.05875 0.075555
2 0.04999999999999977 0.0050000000000000044 0.07625 0.01
2 0.0031249999999999334 0.057779999999999776 0.0062499999999999995 0.06888999999999999
2 0.32124999999999987 0.6066650000000001 0.049999999999999996 0.12222
3 0.50375 0.10221999999999981 0.027499999999999997 0.14889
2 0.28874999999999984 0.5111099999999996 0.06874999999999999 0.12
2 0.20374999999999976 0.25777999999999995 0.06374999999999999 0.11778
