3 0.6912499999999999 0.504445 0.08375 0.106665
2 0.9662499999999998 0.057779999999999915 0.05499999999999999 0.106665
2 0.949065 0.29555499999999985 0.101875 0.16222
2 0.15 0.775555 0.08125 0.09777999999999999
2 0.1974999999999999 0.5866649999999998 0.10874999999999999 0.23778
2 0.2512499999999998 0.7044449999999999 0.0625 0.06888999999999999
2 0.29874999999999985 0.5888899999999999 0.0725 0.05778
1 0.5387500000000001 0.6844449999999999 0.048749999999999995 0.09777999999999999
2 0.43624999999999997 0.6733349999999999 0.075 0.13333499999999998
2 0.4274999999999998 0.9266649999999998 0.05125 0.07110999999999999
2 0.39374999999999993 0.784445 0.056249999999999994 0.084445
2 0.47499999999999987 0.8844449999999998 0.056249999999999994 0.08888999999999998
2 0.7349999999999998 0.8799999999999999 0.10874999999999999 0.240005
