2 0.5237499999999995 0.43777999999999984 0.05875 0.09777999999999999
3 0.7312499999999994 0.2644449999999998 0.0725 0.075555
2 0.4399999999999993 0.010000000000000009 0.034999999999999996 0.019995
3 0.44749999999999956 0.011670000000000014 0.06874999999999999 0.023334999999999998
3 0.7687499999999997 0.029444999999999888 0.06749999999999999 0.05889
2 0.014064999999999772 0.07555499999999993 0.028124999999999997 0.084445
2 0.2262499999999995 0.1977799999999999 0.05125 0.075555
2 0.12749999999999928 0.7244449999999997 0.13499999999999998 0.255555
2 0.4287499999999994 0.46888999999999986 0.0725 0.07110999999999999
2 0.8037499999999997 0.61778 0.04499999999999999 0.06222
2 0.5637499999999995 0.9066649999999998 0.04 0.10221999999999999
