2 0.3312499999999999 0.733335 0.10749999999999998 0.15778
2 0.27624999999999983 0.9005549999999998 0.12375 0.19888999999999998
2 0.1899999999999999 0.7511099999999998 0.1425 0.24222
1 0.2587499999999998 0.65778 0.12375 0.09999999999999999
1 0.13874999999999998 0.8199999999999998 0.0425 0.09555499999999999
2 0.07749999999999979 0.8022199999999998 0.085 0.124445
2 0.2362499999999998 0.533335 0.16375 0.17555500000000002
2 0.3999999999999998 0.7066649999999999 0.09624999999999999 0.126665
2 0.05155999999999994 0.9299999999999999 0.103125 0.13999999999999999
2 0.0824999999999998 0.5733349999999998 0.13249999999999998 0.28889
