0 0.51875 0.39555499999999993 0.033749999999999995 0.11110999999999999
3 0.44125 0.2533349999999998 0.06 0.048889999999999996
3 0.26749999999999996 0.6488899999999997 0.08750000000000001 0.06
3 0.3787499999999999 0.9616649999999999 0.028749999999999998 0.07667
1 0.20374999999999976 0.8644449999999998 0.04624999999999999 0.10888999999999999
1 0.29624999999999985 0.39333499999999993 0.032499999999999994 0.07778
1 0.46375 0.5933349999999998 0.0425 0.07110999999999999
1 0.3849999999999998 0.7244449999999997 0.0375 0.10888999999999999
1 0.5212499999999998 0.8422199999999996 0.034999999999999996 0.09777999999999999
1 0.5549999999999999 0.5755549999999998 0.043750000000000004 0.07778
