2 0.675 0.35999999999999976 0.15875 0.275555
2 0.6087500000000001 0.5088899999999996 0.10999999999999999 0.166665
2 0.5449999999999999 0.4333349999999997 0.10124999999999999 0.17777999999999997
2 0.8937499999999998 0.4422199999999993 0.05875 0.06666499999999999
2 0.6662499999999999 0.6555549999999993 0.14625 0.30444499999999997
2 0.5962499999999998 0.18444499999999975 0.07375 0.14221999999999999
3 0.665 0.09111499999999939 0.09249999999999999 0.18222499999999997
3 0.008124999999999938 0.033889999999999754 0.016249999999999997 0.06777999999999999
3 0.49875 0.5711099999999997 0.047499999999999994 0.155555
3 0.2612499999999998 0.17555499999999946 0.04125 0.22221999999999997
3 0.34 0.8133349999999995 0.09499999999999999 0.084445
3 0.06874999999999992 0.9699999999999998 0.1175 0.06
