2 0.025000000000000022 0.5399999999999999 0.049999999999999996 0.10888999999999999
2 0.24749999999999994 0.8088899999999999 0.06624999999999999 0.11110999999999999
2 0.32 0.6533349999999999 0.105 0.206665
2 0.40874999999999995 0.6844449999999996 0.07125 0.06666499999999999
2 0.47249999999999986 0.9022199999999997 0.048749999999999995 0.09110999999999998
2 0.5337500000000001 0.9927799999999998 0.049999999999999996 0.014445
2 0.5299999999999999 0.8177799999999996 0.06749999999999999 0.12222
1 0.615 0.8599999999999997 0.049999999999999996 0.086665
3 0.7737499999999997 0.7466649999999997 0.08375 0.08
2 0.995625 0.65778 0.008749999999999999 0.12
