1 0.726250 0.216000 0.013000 0.024889
1 0.757000 0.299111 0.015500 0.013778
1 0.673500 0.494222 0.009250 0.027556
1 0.612500 0.738667 0.009250 0.028444
1 0.619750 0.623556 0.009750 0.028000
1 0.581000 0.588000 0.009250 0.024000
1 0.581000 0.602222 0.009250 0.004444
1 0.456000 0.652000 0.009500 0.028000
1 0.516000 0.474667 0.009250 0.027556
1 0.546000 0.376889 0.009250 0.028444
1 0.552750 0.460000 0.012500 0.024889
1 0.590750 0.428889 0.015500 0.012444
1 0.583500 0.544889 0.015000 0.013333
1 0.559500 0.344889 0.013250 0.025333
1 0.487250 0.280000 0.016000 0.012889
1 0.516750 0.182222 0.015750 0.014222
1 0.455750 0.191889 0.013250 0.016222
1 0.455750 0.204111 0.013250 0.008222
1 0.485750 0.098667 0.012500 0.024000
1 0.381500 0.113778 0.016750 0.014667
1 0.373500 0.311556 0.013250 0.024444
1 0.398188 0.394556 0.003625 0.010889
1 0.398188 0.401000 0.003625 0.002000
1 0.406313 0.394556 0.012625 0.010889
1 0.406313 0.401000 0.012625 0.002000
1 0.377250 0.721778 0.016500 0.017778
1 0.251750 0.382222 0.015750 0.014222
1 0.267750 0.292000 0.008250 0.028000
1 0.221000 0.298222 0.013250 0.024889
1 0.232000 0.248889 0.013000 0.024444
1 0.168750 0.545333 0.009500 0.027556
1 0.154750 0.740889 0.007250 0.028444
1 0.220250 0.826222 0.014000 0.024000
